40000 1741901060
40000 1741901061
40000 1741901062
40000 1741901063
40000 1741901064
40000 1741901065
40000 1741901066
40000 1741901067
40000 1741901068
20000 1741901069
1040 1741901069
1020 1741901069
1020 1741901069
1020 1741901069
1020 1741901069
1020 1741901069
1020 1741901069
1020 1741901069
1020 1741901069
1020 1741901069
1020 1741901069
1040 1741901069
1020 1741901069
1020 1741901069
1040 1741901069
1000 1741901069
1020 1741901069
1020 1741901069
1020 1741901069
1040 1741901069
1020 1741901069
1020 1741901069
1020 1741901069
1000 1741901069
1020 1741901069
40026 1741901069
1040 1741901069
1040 1741901069
1020 1741901069
1020 1741901069
1020 1741901069
1020 1741901069
1020 1741901069
1040 1741901069
1020 1741901069
1040 1741901069
1020 1741901069
1020 1741901069
1020 1741901069
1020 1741901069
1040 1741901069
1040 1741901069
1020 1741901069
1020 1741901069
1040 1741901069
1020 1741901069
1020 1741901069
1020 1741901069
1020 1741901069
1020 1741901069
1020 1741901069
1040 1741901069
1020 1741901069
1040 1741901069
1020 1741901069
1020 1741901069
1040 1741901069
1040 1741901069
1020 1741901069
1020 1741901069
1020 1741901069
1040 1741901069
1020 1741901069
1020 1741901069
1020 1741901069
1020 1741901069
1020 1741901069
1020 1741901069
1000 1741901069
1040 1741901069
1020 1741901069
1020 1741901069
1020 1741901069
1020 1741901069
1020 1741901069
1040 1741901069
1020 1741901069
1020 1741901069
1020 1741901069
1020 1741901069
1040 1741901069
1020 1741901069
1040 1741901069
1040 1741901069
40058 1741901070
20000 1741901070
1040 1741901070
1020 1741901070
1020 1741901070
1040 1741901070
1020 1741901070
1040 1741901070
1040 1741901070
1020 1741901070
1020 1741901070
1020 1741901070
1040 1741901070
1040 1741901070
1020 1741901070
1020 1741901070
1020 1741901070
1020 1741901070
1020 1741901070
1020 1741901070
1040 1741901070
1020 1741901070
1020 1741901070
1020 1741901070
1020 1741901070
1040 1741901070
1020 1741901070
1020 1741901070
1020 1741901070
1020 1741901070
1040 1741901070
1020 1741901070
1040 1741901070
1020 1741901070
1020 1741901070
1020 1741901070
1020 1741901070
1020 1741901070
1020 1741901070
1020 1741901070
1040 1741901071
1020 1741901071
1020 1741901071
1020 1741901071
1020 1741901071
1020 1741901071
1040 1741901071
1020 1741901071
1020 1741901071
1040 1741901071
1040 1741901071
1020 1741901071
1020 1741901071
1040 1741901071
1040 1741901071
1020 1741901071
1020 1741901071
1020 1741901071
1020 1741901071
1040 1741901071
1020 1741901071
1020 1741901071
1020 1741901071
1020 1741901071
1020 1741901071
1020 1741901071
1020 1741901071
1040 1741901071
1020 1741901071
1020 1741901071
1040 1741901071
1020 1741901071
1040 1741901071
1020 1741901071
1020 1741901071
1020 1741901071
40076 1741901071
1040 1741901071
1020 1741901071
1040 1741901071
1020 1741901071
1020 1741901071
1020 1741901071
1020 1741901071
1040 1741901071
1020 1741901071
1040 1741901071
1040 1741901071
1020 1741901071
1020 1741901071
1040 1741901071
1020 1741901071
1020 1741901071
1020 1741901071
1040 1741901071
1020 1741901071
1040 1741901071
1040 1741901071
1040 1741901071
1020 1741901071
1020 1741901071
1040 1741901071
1020 1741901071
1020 1741901071
1040 1741901071
1020 1741901071
1020 1741901071
1040 1741901071
1040 1741901071
1020 1741901071
1040 1741901071
1040 1741901071
1020 1741901071
1040 1741901071
1020 1741901071
1020 1741901071
1020 1741901071
1020 1741901071
1020 1741901071
1040 1741901072
1000 1741901072
1020 1741901072
1020 1741901072
1020 1741901072
1040 1741901072
1040 1741901072
1020 1741901072
1020 1741901072
1020 1741901072
1020 1741901072
1020 1741901072
1040 1741901072
1020 1741901072
1040 1741901072
1020 1741901072
1020 1741901072
1040 1741901072
1040 1741901072
1020 1741901072
1020 1741901072
1040 1741901072
1020 1741901072
1020 1741901072
1020 1741901072
1040 1741901072
1040 1741901072
1040 1741901072
1020 1741901072
1040 1741901072
1040 1741901072
1020 1741901072
1040 1741901072
1040 1741901072
1020 1741901072
1040 1741901072
1040 1741901072
1040 1741901072
40079 1741901072
1020 1741901072
1040 1741901072
1020 1741901072
1040 1741901072
1040 1741901072
1040 1741901072
1020 1741901072
1020 1741901072
1020 1741901072
1020 1741901072
1020 1741901072
1020 1741901072
1020 1741901072
1040 1741901072
1020 1741901072
1040 1741901072
1040 1741901072
1040 1741901072
1020 1741901072
1020 1741901072
1040 1741901072
1040 1741901072
1020 1741901072
1040 1741901072
1020 1741901072
1020 1741901072
1040 1741901072
1040 1741901072
1040 1741901072
1020 1741901072
1020 1741901072
1020 1741901072
1040 1741901072
1040 1741901072
1020 1741901072
1020 1741901072
1040 1741901072
1020 1741901072
1020 1741901072
1020 1741901072
1020 1741901072
1040 1741901072
1020 1741901072
1020 1741901072
1020 1741901072
1040 1741901072
1020 1741901072
1020 1741901072
1020 1741901072
1040 1741901072
1040 1741901072
1020 1741901072
1020 1741901072
1020 1741901072
1040 1741901072
1020 1741901072
1040 1741901072
1040 1741901072
1020 1741901072
40059 1741901073
40000 1741901074
20000 1741901074
1040 1741901074
1020 1741901074
1020 1741901074
1040 1741901074
20000 1741901074
1040 1741901074
20000 1741901074
1020 1741901074
1020 1741901074
1040 1741901074
1020 1741901074
1040 1741901074
1020 1741901074
1020 1741901074
1060 1741901074
1040 1741901074
1020 1741901074
1020 1741901074
20000 1741901074
1020 1741901074
1020 1741901074
1020 1741901074
1020 1741901074
1020 1741901074
1040 1741901074
1020 1741901074
1020 1741901074
1020 1741901074
1040 1741901074
1040 1741901074
1040 1741901074
1020 1741901074
1020 1741901074
1040 1741901074
1020 1741901074
1020 1741901074
1040 1741901074
1020 1741901074
1040 1741901075
1020 1741901075
1020 1741901075
1020 1741901075
1020 1741901075
1020 1741901075
1020 1741901075
1020 1741901075
1040 1741901075
1020 1741901075
1020 1741901075
1020 1741901075
1040 1741901075
1020 1741901075
1020 1741901075
1020 1741901075
1040 1741901075
1060 1741901075
1040 1741901075
1020 1741901075
1040 1741901075
1040 1741901075
1020 1741901075
1020 1741901075
1040 1741901075
40065 1741901075
1040 1741901075
1020 1741901075
1020 1741901075
1020 1741901075
1020 1741901075
1040 1741901075
1020 1741901075
1020 1741901075
1020 1741901075
1020 1741901075
1040 1741901075
1040 1741901075
1040 1741901075
1040 1741901075
1020 1741901075
1020 1741901075
1040 1741901075
1020 1741901075
1020 1741901075
1020 1741901075
1040 1741901075
1020 1741901075
1020 1741901075
1040 1741901075
1020 1741901075
1020 1741901075
1040 1741901075
1020 1741901075
1020 1741901075
1040 1741901075
1020 1741901075
1040 1741901075
1020 1741901075
1040 1741901075
1040 1741901075
1020 1741901075
1040 1741901075
1040 1741901075
1020 1741901075
1040 1741901075
1040 1741901075
1020 1741901075
1040 1741901075
1040 1741901075
1040 1741901075
1040 1741901075
1020 1741901075
1020 1741901075
1020 1741901075
1020 1741901075
1040 1741901075
1040 1741901075
1020 1741901075
1020 1741901076
1020 1741901076
1040 1741901076
1020 1741901076
1040 1741901076
1020 1741901076
1020 1741901076
1020 1741901076
1020 1741901076
1020 1741901076
1020 1741901076
1040 1741901076
1000 1741901076
1060 1741901076
1020 1741901076
1040 1741901076
1020 1741901076
1040 1741901076
1020 1741901076
1020 1741901076
1020 1741901076
1020 1741901076
1040 1741901076
1020 1741901076
1040 1741901076
1020 1741901076
1040 1741901076
1020 1741901076
1040 1741901076
1020 1741901076
1020 1741901076
1040 1741901076
1020 1741901076
1020 1741901076
1040 1741901076
1020 1741901076
1040 1741901076
1040 1741901076
40090 1741901076
1020 1741901076
1020 1741901076
1020 1741901076
1020 1741901076
1020 1741901076
1020 1741901076
1020 1741901076
1020 1741901076
1040 1741901076
1040 1741901076
1040 1741901076
1020 1741901076
1020 1741901076
1020 1741901076
1020 1741901076
1040 1741901076
1020 1741901076
1020 1741901076
1020 1741901076
1040 1741901076
1040 1741901076
1040 1741901076
1020 1741901076
1060 1741901076
1040 1741901076
1020 1741901076
1020 1741901076
1020 1741901076
1040 1741901076
1020 1741901076
1040 1741901076
1020 1741901076
1020 1741901076
1020 1741901076
1020 1741901076
1040 1741901076
1020 1741901076
1020 1741901076
1020 1741901076
1040 1741901077
1020 1741901077
1020 1741901077
1040 1741901077
1040 1741901077
1020 1741901077
1020 1741901077
1040 1741901077
1020 1741901077
1020 1741901077
1040 1741901077
1020 1741901077
1040 1741901077
1040 1741901077
1020 1741901077
1020 1741901077
1040 1741901077
1020 1741901077
1040 1741901077
1020 1741901077
1020 1741901077
1020 1741901077
1020 1741901077
1020 1741901077
1040 1741901077
1020 1741901077
1020 1741901077
1020 1741901077
1040 1741901077
1020 1741901077
1020 1741901077
1020 1741901077
1000 1741901077
1020 1741901077
1020 1741901077
1020 1741901077
1020 1741901077
1020 1741901077
1020 1741901077
40078 1741901077
1020 1741901077
1020 1741901077
1020 1741901077
1040 1741901077
1020 1741901077
1020 1741901077
1020 1741901077
1020 1741901077
1020 1741901077
1040 1741901077
1040 1741901077
1040 1741901077
1020 1741901077
1040 1741901077
1040 1741901077
1040 1741901077
1040 1741901077
1020 1741901077
1000 1741901077
1040 1741901077
1020 1741901077
1020 1741901077
1040 1741901077
1020 1741901077
1020 1741901077
1040 1741901077
1020 1741901077
1040 1741901077
1040 1741901077
1040 1741901077
1020 1741901077
1020 1741901077
1020 1741901077
1020 1741901077
1040 1741901077
1020 1741901077
1020 1741901077
1020 1741901077
1020 1741901077
1040 1741901077
1020 1741901077
1020 1741901077
1040 1741901077
1040 1741901077
1020 1741901077
1020 1741901077
1020 1741901077
1040 1741901077
1020 1741901077
1020 1741901078
1020 1741901078
1020 1741901078
1020 1741901078
1020 1741901078
1020 1741901078
1020 1741901078
1020 1741901078
1000 1741901078
1020 1741901078
1040 1741901078
1020 1741901078
1040 1741901078
1020 1741901078
1020 1741901078
1020 1741901078
1020 1741901078
1040 1741901078
1040 1741901078
1040 1741901078
1040 1741901078
1020 1741901078
1020 1741901078
1020 1741901078
1020 1741901078
1020 1741901078
1040 1741901078
1040 1741901078
1020 1741901078
40079 1741901078
1020 1741901078
1020 1741901078
1020 1741901078
1020 1741901078
1040 1741901078
1020 1741901078
1020 1741901078
1020 1741901078
1040 1741901078
1040 1741901078
1020 1741901078
1020 1741901078
1020 1741901078
1020 1741901078
1040 1741901078
1020 1741901078
1020 1741901078
1040 1741901078
1020 1741901078
1040 1741901078
1020 1741901078
1040 1741901078
1040 1741901078
1020 1741901078
1020 1741901078
1020 1741901078
1020 1741901078
1040 1741901078
1040 1741901078
1040 1741901078
1020 1741901078
1020 1741901078
1020 1741901078
1020 1741901078
1040 1741901078
1020 1741901078
1020 1741901078
1020 1741901078
1020 1741901078
1020 1741901078
1020 1741901078
1020 1741901078
1020 1741901078
1020 1741901078
1020 1741901078
1040 1741901078
1020 1741901078
1020 1741901078
1020 1741901078
1020 1741901078
1020 1741901078
1020 1741901078
1040 1741901078
1020 1741901078
1020 1741901078
1020 1741901078
1040 1741901078
1040 1741901078
1020 1741901079
1040 1741901079
1040 1741901079
1020 1741901079
1040 1741901079
1020 1741901079
1040 1741901079
1020 1741901079
1020 1741901079
1020 1741901079
1020 1741901079
1040 1741901079
1020 1741901079
1020 1741901079
1040 1741901079
1040 1741901079
1020 1741901079
1040 1741901079
1020 1741901079
1020 1741901079
1040 1741901079
1040 1741901079
1040 1741901079
1040 1741901079
1020 1741901079
1020 1741901079
1020 1741901079
1020 1741901079
1020 1741901079
1020 1741901079
1020 1741901079
1020 1741901079
40090 1741901079
1020 1741901079
1020 1741901079
1020 1741901079
1020 1741901079
1020 1741901079
1020 1741901079
1020 1741901079
1020 1741901079
1040 1741901079
1040 1741901079
1020 1741901079
1040 1741901079
1020 1741901079
1040 1741901079
1040 1741901079
1020 1741901079
1020 1741901079
1020 1741901079
1020 1741901079
1020 1741901079
1020 1741901079
1020 1741901079
1040 1741901079
1020 1741901079
1040 1741901079
1020 1741901079
1040 1741901079
1020 1741901079
1040 1741901079
1040 1741901079
1020 1741901079
1040 1741901079
1020 1741901079
1020 1741901079
1020 1741901079
1020 1741901079
1020 1741901079
1020 1741901079
1040 1741901079
1020 1741901079
1020 1741901079
1020 1741901079
1040 1741901079
1020 1741901079
1040 1741901079
1020 1741901080
1020 1741901080
1020 1741901080
1040 1741901080
1020 1741901080
1040 1741901080
1020 1741901080
1020 1741901080
1040 1741901080
1020 1741901080
1040 1741901080
1040 1741901080
1020 1741901080
1040 1741901080
1020 1741901080
1020 1741901080
1040 1741901080
1020 1741901080
1020 1741901080
1020 1741901080
1040 1741901080
1040 1741901080
1020 1741901080
1040 1741901080
1040 1741901080
1040 1741901080
1040 1741901080
1040 1741901080
1040 1741901080
1020 1741901080
1020 1741901080
1020 1741901080
1040 1741901080
1020 1741901080
1020 1741901080
1020 1741901080
1020 1741901080
1020 1741901080
1000 1741901080
40083 1741901080
1040 1741901080
1020 1741901080
1020 1741901080
1040 1741901080
1040 1741901080
1020 1741901080
1020 1741901080
1040 1741901080
1020 1741901080
1020 1741901080
1020 1741901080
1020 1741901080
1020 1741901080
1040 1741901080
1020 1741901080
1020 1741901080
1040 1741901080
1040 1741901080
1040 1741901080
1020 1741901080
1040 1741901080
1020 1741901080
1020 1741901080
1020 1741901080
1040 1741901080
1020 1741901080
1040 1741901080
1020 1741901080
1020 1741901080
1020 1741901080
1020 1741901080
1020 1741901080
1020 1741901080
1020 1741901080
1040 1741901080
1020 1741901080
1020 1741901080
1040 1741901080
1040 1741901080
1020 1741901080
1040 1741901080
1020 1741901080
1020 1741901080
1040 1741901081
1020 1741901081
1020 1741901081
1020 1741901081
1020 1741901081
1040 1741901081
1020 1741901081
1020 1741901081
1020 1741901081
1020 1741901081
1020 1741901081
1020 1741901081
1020 1741901081
1020 1741901081
1020 1741901081
1020 1741901081
1060 1741901081
1020 1741901081
1020 1741901081
1040 1741901081
1020 1741901081
1020 1741901081
1020 1741901081
1020 1741901081
1040 1741901081
1020 1741901081
1040 1741901081
1040 1741901081
1040 1741901081
1040 1741901081
1020 1741901081
1040 1741901081
1020 1741901081
1020 1741901081
1000 1741901081
40078 1741901081
1020 1741901081
1020 1741901081
1040 1741901081
1040 1741901081
1020 1741901081
1040 1741901081
1040 1741901081
1020 1741901081
1020 1741901081
1020 1741901081
1020 1741901081
1040 1741901081
1020 1741901081
1040 1741901081
1020 1741901081
1040 1741901081
1040 1741901081
1020 1741901081
1020 1741901081
1040 1741901081
1040 1741901081
1020 1741901081
1020 1741901081
1020 1741901081
1000 1741901081
1020 1741901081
1020 1741901081
1020 1741901081
1020 1741901081
1040 1741901081
1040 1741901081
1020 1741901081
1020 1741901081
1020 1741901081
1000 1741901081
1020 1741901081
1020 1741901081
1020 1741901081
1020 1741901081
1020 1741901081
1020 1741901081
1020 1741901081
1020 1741901081
1040 1741901081
1040 1741901081
1020 1741901081
1020 1741901081
1040 1741901081
1020 1741901081
1040 1741901081
1020 1741901081
1040 1741901081
1040 1741901081
1020 1741901081
1020 1741901081
1040 1741901081
1020 1741901081
1020 1741901082
1020 1741901082
1020 1741901082
1020 1741901082
1020 1741901082
1040 1741901082
1020 1741901082
1040 1741901082
1040 1741901082
1020 1741901082
1020 1741901082
1040 1741901082
1040 1741901082
1020 1741901082
1040 1741901082
1020 1741901082
1020 1741901082
1040 1741901082
1040 1741901082
1020 1741901082
1060 1741901082
1020 1741901082
1020 1741901082
1020 1741901082
1020 1741901082
1020 1741901082
1020 1741901082
40085 1741901082
1020 1741901082
1020 1741901082
1020 1741901082
1020 1741901082
1020 1741901082
1040 1741901082
1020 1741901082
1040 1741901082
1020 1741901082
1020 1741901082
1020 1741901082
1040 1741901082
1040 1741901082
1020 1741901082
1020 1741901082
1040 1741901082
1040 1741901082
1020 1741901082
1020 1741901082
1040 1741901082
1020 1741901082
1040 1741901082
1040 1741901082
1020 1741901082
1020 1741901082
1020 1741901082
1020 1741901082
1040 1741901082
1020 1741901082
1020 1741901082
1020 1741901082
1040 1741901082
1040 1741901083
1020 1741901083
1020 1741901083
1020 1741901083
1020 1741901083
1040 1741901083
1020 1741901083
1020 1741901083
1020 1741901083
1040 1741901083
1040 1741901083
1040 1741901083
1020 1741901083
1020 1741901083
1040 1741901083
1040 1741901083
1020 1741901083
1020 1741901083
1040 1741901083
40050 1741901083
1020 1741901083
1020 1741901083
1020 1741901083
1040 1741901083
1020 1741901083
1020 1741901083
1040 1741901083
1040 1741901083
1040 1741901083
1020 1741901083
1020 1741901083
1020 1741901083
1020 1741901083
1040 1741901083
1040 1741901083
1020 1741901083
1020 1741901083
1040 1741901083
1040 1741901083
1040 1741901083
1040 1741901083
20000 1741901083
1020 1741901083
1040 1741901083
1020 1741901083
1020 1741901083
1020 1741901083
1020 1741901083
1020 1741901083
1040 1741901083
1020 1741901083
1020 1741901083
1060 1741901083
1020 1741901083
1040 1741901083
1020 1741901083
1020 1741901083
1020 1741901083
1020 1741901083
40039 1741901084
40000 1741901085
40000 1741901086
40000 1741901087
40000 1741901088
40000 1741901089
40000 1741901090
40000 1741901091
40000 1741901092
40000 1741901093
40000 1741901094
40000 1741901095
40000 1741901096
40000 1741901097
40000 1741901098
40000 1741901099
