40000 1741899908
40000 1741899909
15680 1741899909
15680 1741899909
15680 1741899909
15680 1741899909
15680 1741899909
15660 1741899909
15680 1741899909
15660 1741899909
15680 1741899909
15680 1741899909
15660 1741899909
15680 1741899909
15680 1741899909
15660 1741899909
15660 1741899909
15680 1741899909
15680 1741899909
15660 1741899909
15680 1741899909
15680 1741899909
15660 1741899909
40021 1741899910
40000 1741899911
40000 1741899912
40000 1741899913
40000 1741899914
40000 1741899915
40000 1741899916
40000 1741899917
40000 1741899918
40000 1741899919
40000 1741899920
40000 1741899928
40000 1741899929
15680 1741899929
15660 1741899929
15680 1741899929
15660 1741899929
15680 1741899929
15660 1741899929
15660 1741899929
15660 1741899929
15680 1741899929
15680 1741899929
15680 1741899929
15680 1741899929
15660 1741899929
15660 1741899929
15680 1741899929
15660 1741899929
15680 1741899929
15680 1741899929
15660 1741899929
15680 1741899929
15680 1741899929
15680 1741899929
15680 1741899929
15680 1741899929
15660 1741899929
15680 1741899929
15660 1741899929
15680 1741899929
15680 1741899929
15680 1741899929
15680 1741899929
15680 1741899929
15660 1741899929
15660 1741899929
15680 1741899929
15660 1741899929
15680 1741899929
15660 1741899929
15680 1741899929
15680 1741899929
15680 1741899929
15680 1741899929
15680 1741899929
15680 1741899929
15680 1741899929
15660 1741899929
15680 1741899929
15660 1741899929
15680 1741899929
15680 1741899929
15680 1741899929
15660 1741899929
15660 1741899929
15680 1741899929
15660 1741899929
15660 1741899929
15680 1741899929
15660 1741899929
15660 1741899929
15680 1741899929
15680 1741899929
15680 1741899929
15680 1741899929
15680 1741899929
15660 1741899929
15660 1741899929
15680 1741899929
15660 1741899929
15680 1741899929
15660 1741899929
15680 1741899929
15660 1741899929
15660 1741899929
15680 1741899929
15660 1741899929
15660 1741899929
15680 1741899929
15660 1741899929
15680 1741899929
15660 1741899929
15660 1741899929
15680 1741899929
15660 1741899929
15680 1741899929
15680 1741899929
15680 1741899929
15680 1741899929
15680 1741899929
15680 1741899929
15660 1741899929
15700 1741899929
15660 1741899929
15680 1741899929
15660 1741899929
15660 1741899930
15680 1741899930
15660 1741899930
15680 1741899930
15660 1741899930
15680 1741899930
15680 1741899930
15680 1741899930
15680 1741899930
15680 1741899930
15660 1741899930
15680 1741899930
15680 1741899930
15680 1741899930
15680 1741899930
15680 1741899930
15680 1741899930
15680 1741899930
15680 1741899930
15680 1741899930
15660 1741899930
15660 1741899930
15680 1741899930
15680 1741899930
15680 1741899930
15660 1741899930
15680 1741899930
15660 1741899930
40123 1741899930
15680 1741899930
15680 1741899930
15680 1741899930
15680 1741899930
15680 1741899930
15660 1741899930
15660 1741899930
15660 1741899930
15680 1741899930
15680 1741899930
15660 1741899930
15680 1741899930
15680 1741899930
15660 1741899930
15680 1741899930
15680 1741899930
15660 1741899930
15660 1741899930
15660 1741899930
15660 1741899930
15680 1741899930
15660 1741899930
15660 1741899930
15680 1741899930
15660 1741899930
15680 1741899930
15680 1741899930
15660 1741899930
15680 1741899930
15680 1741899930
15680 1741899930
15680 1741899930
15660 1741899930
15680 1741899930
15660 1741899930
15680 1741899930
15680 1741899930
15680 1741899930
15660 1741899930
15680 1741899930
15680 1741899930
15680 1741899930
15680 1741899930
15680 1741899930
15680 1741899930
15680 1741899930
15680 1741899930
15680 1741899930
15680 1741899930
15660 1741899930
15680 1741899930
15660 1741899930
15660 1741899930
15680 1741899930
15660 1741899930
15680 1741899930
15680 1741899930
15680 1741899930
15680 1741899930
15660 1741899930
15680 1741899930
15680 1741899930
15680 1741899930
15680 1741899930
15680 1741899930
15660 1741899930
15660 1741899930
15680 1741899930
15680 1741899930
15660 1741899930
15680 1741899930
15680 1741899930
15680 1741899930
15660 1741899930
15660 1741899930
15660 1741899930
15680 1741899931
15660 1741899931
15660 1741899931
15660 1741899931
15680 1741899931
15680 1741899931
15680 1741899931
15680 1741899931
15680 1741899931
15660 1741899931
15680 1741899931
15680 1741899931
15680 1741899931
15680 1741899931
15680 1741899931
15680 1741899931
15660 1741899931
15680 1741899931
15680 1741899931
15680 1741899931
15680 1741899931
15680 1741899931
15680 1741899931
15660 1741899931
15680 1741899931
15680 1741899931
15680 1741899931
15680 1741899931
15660 1741899931
15680 1741899931
15680 1741899931
40106 1741899931
15660 1741899931
15680 1741899931
15660 1741899931
15680 1741899931
15660 1741899931
15660 1741899931
15680 1741899931
15680 1741899931
15680 1741899931
15660 1741899931
15680 1741899931
15680 1741899931
15680 1741899931
15680 1741899931
15660 1741899931
15680 1741899931
15660 1741899931
15660 1741899931
15680 1741899931
15680 1741899931
15680 1741899931
15680 1741899931
15680 1741899931
15660 1741899931
15680 1741899931
15680 1741899931
15680 1741899931
15660 1741899931
15680 1741899931
15680 1741899931
15680 1741899931
15680 1741899931
15680 1741899931
15680 1741899931
15680 1741899931
15660 1741899931
15680 1741899931
15660 1741899931
15680 1741899931
15660 1741899931
15660 1741899931
15680 1741899931
15680 1741899931
15660 1741899931
15680 1741899931
15660 1741899931
15680 1741899931
15660 1741899931
15660 1741899931
15680 1741899931
15680 1741899931
15680 1741899931
15660 1741899931
15660 1741899931
15660 1741899931
15680 1741899931
15660 1741899931
15680 1741899931
15660 1741899931
15680 1741899931
15660 1741899931
15680 1741899931
15680 1741899931
15660 1741899931
15680 1741899931
15660 1741899931
15680 1741899931
15660 1741899931
15660 1741899931
15680 1741899931
15660 1741899931
15680 1741899931
15660 1741899931
15660 1741899931
15680 1741899931
15660 1741899931
15660 1741899932
15680 1741899932
15660 1741899932
15660 1741899932
15680 1741899932
15680 1741899932
15680 1741899932
15660 1741899932
15680 1741899932
15660 1741899932
15680 1741899932
15700 1741899932
15660 1741899932
15680 1741899932
15660 1741899932
15680 1741899932
15660 1741899932
15660 1741899932
15680 1741899932
15660 1741899932
15680 1741899932
15680 1741899932
15680 1741899932
15660 1741899932
15680 1741899932
15680 1741899932
15680 1741899932
15660 1741899932
15680 1741899932
15680 1741899932
40107 1741899932
15660 1741899932
15680 1741899932
15680 1741899932
15660 1741899932
15680 1741899932
15660 1741899932
15660 1741899932
15680 1741899932
15680 1741899932
15660 1741899932
15680 1741899932
15660 1741899932
15680 1741899932
15680 1741899932
15680 1741899932
15680 1741899932
15680 1741899932
15680 1741899932
15680 1741899932
15660 1741899932
15680 1741899932
15680 1741899932
15660 1741899932
15680 1741899932
15660 1741899932
15680 1741899932
15660 1741899932
15660 1741899932
15660 1741899932
15660 1741899932
15680 1741899932
15680 1741899932
15680 1741899932
15680 1741899932
15680 1741899932
15680 1741899932
15680 1741899932
15680 1741899932
15680 1741899932
15660 1741899932
15680 1741899932
15680 1741899932
15680 1741899932
15660 1741899932
15680 1741899932
15660 1741899932
15680 1741899932
15660 1741899932
15660 1741899932
15660 1741899932
15660 1741899932
15680 1741899932
15660 1741899932
15680 1741899932
15660 1741899932
15680 1741899932
15660 1741899932
15660 1741899932
15680 1741899932
15660 1741899932
15680 1741899932
15660 1741899932
15680 1741899932
15660 1741899932
15680 1741899932
15680 1741899932
15680 1741899932
15680 1741899932
15660 1741899932
15680 1741899932
15660 1741899932
15680 1741899932
15680 1741899932
15680 1741899932
15680 1741899932
15660 1741899932
15680 1741899933
15660 1741899933
15660 1741899933
15660 1741899933
15660 1741899933
15680 1741899933
15680 1741899933
15680 1741899933
15660 1741899933
15660 1741899933
15660 1741899933
15660 1741899933
15660 1741899933
15660 1741899933
15680 1741899933
15660 1741899933
15660 1741899933
15660 1741899933
15660 1741899933
15660 1741899933
15660 1741899933
15680 1741899933
15680 1741899933
15680 1741899933
15660 1741899933
15680 1741899933
15660 1741899933
15660 1741899933
15680 1741899933
15660 1741899933
40105 1741899933
15680 1741899933
15680 1741899933
15680 1741899933
15660 1741899933
15680 1741899933
15660 1741899933
15680 1741899933
15660 1741899933
15680 1741899933
15680 1741899933
15660 1741899933
15680 1741899933
15680 1741899933
15660 1741899933
15680 1741899933
15660 1741899933
15680 1741899933
15660 1741899933
15660 1741899933
15660 1741899933
15660 1741899933
15660 1741899933
15680 1741899933
15680 1741899933
15660 1741899933
15680 1741899933
15660 1741899933
15660 1741899933
15680 1741899933
15660 1741899933
15660 1741899933
15660 1741899933
15680 1741899933
15680 1741899933
15660 1741899933
15680 1741899933
15660 1741899933
15660 1741899933
15680 1741899933
15660 1741899933
15680 1741899933
15660 1741899933
15660 1741899933
15660 1741899933
15660 1741899933
15680 1741899933
15680 1741899933
15660 1741899933
15660 1741899933
15660 1741899933
15660 1741899933
15660 1741899933
15660 1741899933
15680 1741899933
15680 1741899933
15660 1741899933
15660 1741899933
15680 1741899933
15680 1741899933
15680 1741899933
15680 1741899933
15660 1741899933
15660 1741899933
15680 1741899933
15680 1741899933
15680 1741899933
15680 1741899933
15660 1741899933
15680 1741899933
15680 1741899933
15680 1741899933
15680 1741899933
15680 1741899933
15680 1741899933
15660 1741899933
15680 1741899934
15660 1741899934
15680 1741899934
15680 1741899934
15680 1741899934
15680 1741899934
15660 1741899934
15680 1741899934
15660 1741899934
15680 1741899934
15680 1741899934
15660 1741899934
15680 1741899934
15680 1741899934
15680 1741899934
15660 1741899934
15680 1741899934
15660 1741899934
15660 1741899934
15680 1741899934
15660 1741899934
15680 1741899934
15660 1741899934
15660 1741899934
15680 1741899934
15660 1741899934
15680 1741899934
15660 1741899934
15680 1741899934
15680 1741899934
15680 1741899934
15660 1741899934
15680 1741899934
40108 1741899934
15680 1741899934
15680 1741899934
15660 1741899934
15680 1741899934
15660 1741899934
15680 1741899934
15660 1741899934
15660 1741899934
15680 1741899934
15660 1741899934
15660 1741899934
15680 1741899934
15680 1741899934
15660 1741899934
15660 1741899934
15680 1741899934
15660 1741899934
15680 1741899934
15660 1741899934
15660 1741899934
15680 1741899934
15660 1741899934
15680 1741899934
15660 1741899934
15680 1741899934
15660 1741899934
15660 1741899934
15680 1741899934
15660 1741899934
15680 1741899934
15680 1741899934
15680 1741899934
15660 1741899934
15680 1741899934
15680 1741899934
15660 1741899934
15680 1741899934
15680 1741899934
15680 1741899934
15660 1741899934
15680 1741899934
15680 1741899934
15680 1741899934
15660 1741899934
15680 1741899934
15660 1741899934
15680 1741899934
15680 1741899934
15660 1741899934
15680 1741899934
15680 1741899934
15660 1741899934
15680 1741899934
15660 1741899934
15660 1741899934
15680 1741899934
15660 1741899934
15660 1741899934
15680 1741899934
15660 1741899934
15660 1741899934
15660 1741899934
15680 1741899934
15660 1741899934
15660 1741899934
15660 1741899934
15680 1741899934
15660 1741899934
15680 1741899934
15680 1741899934
15660 1741899934
15680 1741899935
15680 1741899935
15660 1741899935
15680 1741899935
15660 1741899935
15680 1741899935
15680 1741899935
15680 1741899935
15680 1741899935
15660 1741899935
15680 1741899935
15680 1741899935
15680 1741899935
15660 1741899935
15660 1741899935
15680 1741899935
15680 1741899935
15680 1741899935
15680 1741899935
15680 1741899935
15660 1741899935
15680 1741899935
15680 1741899935
15660 1741899935
15680 1741899935
15660 1741899935
15660 1741899935
15660 1741899935
15680 1741899935
15660 1741899935
15660 1741899935
15680 1741899935
40104 1741899935
15660 1741899935
15680 1741899935
15680 1741899935
15680 1741899935
15660 1741899935
15660 1741899935
15680 1741899935
15660 1741899935
15680 1741899935
15680 1741899935
15660 1741899935
15660 1741899935
15660 1741899935
15680 1741899935
15660 1741899935
15660 1741899935
15660 1741899935
15660 1741899935
15680 1741899935
15660 1741899935
15680 1741899935
15660 1741899935
15660 1741899935
15680 1741899935
15680 1741899935
15660 1741899935
15680 1741899935
15680 1741899935
15680 1741899935
15680 1741899935
15680 1741899935
15660 1741899935
15680 1741899935
15660 1741899935
15660 1741899935
15660 1741899935
15660 1741899935
15680 1741899935
15660 1741899935
15660 1741899935
15660 1741899935
15680 1741899935
15680 1741899935
15680 1741899935
15680 1741899935
15660 1741899935
15660 1741899935
15660 1741899935
15680 1741899935
15680 1741899935
15660 1741899935
15680 1741899935
15680 1741899935
15680 1741899935
15660 1741899935
15680 1741899935
15660 1741899935
15680 1741899935
15660 1741899935
15660 1741899935
15680 1741899935
15660 1741899935
15680 1741899935
15660 1741899935
15680 1741899935
15660 1741899935
15660 1741899935
15660 1741899935
15660 1741899935
15680 1741899935
15660 1741899935
15680 1741899935
15680 1741899935
15660 1741899935
15680 1741899935
15680 1741899936
15680 1741899936
15680 1741899936
15660 1741899936
15680 1741899936
15680 1741899936
15660 1741899936
15680 1741899936
15660 1741899936
15660 1741899936
15680 1741899936
15660 1741899936
15680 1741899936
15660 1741899936
15680 1741899936
15660 1741899936
15660 1741899936
15680 1741899936
15660 1741899936
15680 1741899936
15680 1741899936
15660 1741899936
15680 1741899936
15680 1741899936
15660 1741899936
15700 1741899936
15660 1741899936
15660 1741899936
15680 1741899936
15680 1741899936
15660 1741899936
15680 1741899936
15660 1741899936
40107 1741899936
15680 1741899936
15680 1741899936
15680 1741899936
15680 1741899936
15680 1741899936
15680 1741899936
15660 1741899936
15660 1741899936
15680 1741899936
15680 1741899936
15660 1741899936
15680 1741899936
15660 1741899936
15680 1741899936
15680 1741899936
15680 1741899936
15680 1741899936
15680 1741899936
15680 1741899936
15660 1741899936
15680 1741899936
15680 1741899936
15680 1741899936
15660 1741899936
15660 1741899936
15680 1741899936
15680 1741899936
15680 1741899936
15680 1741899936
15680 1741899936
15660 1741899936
15680 1741899936
15680 1741899936
15680 1741899936
15660 1741899936
15660 1741899936
15680 1741899936
15660 1741899936
15680 1741899936
15660 1741899936
15680 1741899936
15680 1741899936
15660 1741899936
15680 1741899936
15680 1741899936
15660 1741899936
15660 1741899936
15680 1741899936
15660 1741899936
15660 1741899936
15680 1741899936
15660 1741899936
15680 1741899936
15660 1741899936
15680 1741899936
15680 1741899936
15680 1741899936
15660 1741899936
15680 1741899936
15660 1741899936
15660 1741899936
15680 1741899936
15680 1741899936
15680 1741899936
15660 1741899936
15680 1741899936
15660 1741899936
15660 1741899936
15680 1741899936
15680 1741899936
15660 1741899936
15660 1741899937
15680 1741899937
15660 1741899937
15680 1741899937
15660 1741899937
15680 1741899937
15660 1741899937
15680 1741899937
15680 1741899937
15660 1741899937
15680 1741899937
15680 1741899937
15660 1741899937
15680 1741899937
15660 1741899937
15680 1741899937
15680 1741899937
15680 1741899937
15680 1741899937
15680 1741899937
15680 1741899937
15680 1741899937
15680 1741899937
15660 1741899937
15680 1741899937
15660 1741899937
15660 1741899937
15680 1741899937
15680 1741899937
15680 1741899937
15660 1741899937
15680 1741899937
15680 1741899937
15680 1741899937
40106 1741899937
15660 1741899937
15660 1741899937
15680 1741899937
15660 1741899937
15680 1741899937
15680 1741899937
15680 1741899937
15680 1741899937
15680 1741899937
15680 1741899937
15680 1741899937
15680 1741899937
15680 1741899937
15660 1741899937
15660 1741899937
15660 1741899937
15680 1741899937
15660 1741899937
15680 1741899937
15680 1741899937
15660 1741899937
15680 1741899937
15660 1741899937
15660 1741899937
15680 1741899937
15680 1741899937
15680 1741899937
15660 1741899937
15680 1741899937
15660 1741899937
15660 1741899937
15680 1741899937
15680 1741899937
15660 1741899937
15680 1741899937
15660 1741899937
15680 1741899937
15660 1741899937
15680 1741899937
15680 1741899937
15660 1741899937
15680 1741899937
15660 1741899937
15660 1741899937
15680 1741899937
15660 1741899937
15680 1741899937
15680 1741899937
15680 1741899937
15680 1741899937
15680 1741899937
15660 1741899937
15660 1741899937
15660 1741899937
15680 1741899937
15680 1741899937
15680 1741899937
15660 1741899937
15660 1741899937
15660 1741899937
15680 1741899937
15680 1741899937
15680 1741899937
15660 1741899937
15660 1741899937
15660 1741899937
15680 1741899937
15660 1741899937
15680 1741899937
15680 1741899937
15660 1741899937
15660 1741899937
15680 1741899937
15680 1741899937
15680 1741899938
15660 1741899938
15680 1741899938
15680 1741899938
15680 1741899938
15660 1741899938
15680 1741899938
15680 1741899938
15680 1741899938
15680 1741899938
15660 1741899938
15680 1741899938
15660 1741899938
15680 1741899938
15680 1741899938
15660 1741899938
15680 1741899938
15680 1741899938
15680 1741899938
15660 1741899938
15660 1741899938
15660 1741899938
15680 1741899938
15660 1741899938
15680 1741899938
15680 1741899938
15660 1741899938
15660 1741899938
15680 1741899938
15660 1741899938
15680 1741899938
15680 1741899938
40105 1741899938
15680 1741899938
15680 1741899938
15660 1741899938
15680 1741899938
15680 1741899938
15660 1741899938
15680 1741899938
15680 1741899938
15680 1741899938
15680 1741899938
15680 1741899938
15660 1741899938
15680 1741899938
15680 1741899938
15680 1741899938
15660 1741899938
15680 1741899938
15660 1741899938
15660 1741899938
15680 1741899938
15680 1741899938
15680 1741899938
15660 1741899938
15680 1741899938
15660 1741899938
15680 1741899938
15660 1741899938
15680 1741899938
15680 1741899938
15660 1741899938
15680 1741899938
15660 1741899938
15660 1741899938
15680 1741899938
15660 1741899938
15680 1741899938
15660 1741899938
15680 1741899938
15680 1741899938
15660 1741899938
15680 1741899938
15680 1741899938
15680 1741899938
15680 1741899938
15660 1741899938
15660 1741899938
15680 1741899938
15660 1741899938
15680 1741899938
15680 1741899938
15660 1741899938
15660 1741899938
15680 1741899938
15680 1741899938
15680 1741899938
15680 1741899938
15680 1741899938
15680 1741899938
40058 1741899939
40000 1741899940
40000 1741899941
40000 1741899942
40000 1741899943
40000 1741899944
40000 1741899945
40000 1741899946
40000 1741899947
40000 1741899948
40000 1741899949
40000 1741899950
40000 1741899951
40000 1741899952
40000 1741899953
40000 1741899954
40000 1741899955
40000 1741899956
40000 1741899957
40000 1741899958
40000 1741899959
40000 1741899960
40000 1741899961
40000 1741899962
40000 1741899963
40000 1741899964
40000 1741899965
40000 1741899966
40000 1741899967
40000 1741899968
40000 1741899969
40000 1741899970
40000 1741899971
40000 1741899972
40000 1741899973
40000 1741899974
40000 1741899975
40000 1741899976
40000 1741899977
40000 1741899978
40000 1741899979
40000 1741899980
40000 1741899981
40000 1741899982
40000 1741899983
40000 1741899984
40000 1741899985
40000 1741899986
40000 1741899987
40000 1741899988
40000 1741899989
40000 1741899990
40000 1741899991
40000 1741899992
40000 1741899993
40000 1741899994
40000 1741899995
40000 1741899996
40000 1741899997
40000 1741899998
40000 1741899999
40000 1741900000
40000 1741900001
40000 1741900002
40000 1741900003
40000 1741900004
40000 1741900005
40000 1741900006
40000 1741900007
40000 1741900008
40000 1741900009
40000 1741900010
40000 1741900011
40000 1741900012
40000 1741900013
40000 1741900014
40000 1741900015
40000 1741900016
40000 1741900017
40000 1741900018
40000 1741900019
40000 1741900020
40000 1741900021
40000 1741900022
40000 1741900023
40000 1741900024
40000 1741900025
40000 1741900026
40000 1741900027
40000 1741900028
40000 1741900029
