40000 1741900155
40000 1741900156
18740 1741900156
18740 1741900156
18760 1741900156
18760 1741900156
18740 1741900156
18740 1741900156
18760 1741900156
18760 1741900156
18740 1741900156
18740 1741900156
18740 1741900156
18760 1741900156
18760 1741900156
18740 1741900156
18760 1741900156
18740 1741900156
18760 1741900156
18760 1741900156
18760 1741900156
18760 1741900156
18740 1741900156
18760 1741900156
18760 1741900156
18740 1741900156
18760 1741900156
18740 1741900156
18760 1741900156
18740 1741900156
18760 1741900156
18760 1741900156
18740 1741900156
18740 1741900156
18740 1741900156
18740 1741900156
18760 1741900156
18740 1741900156
18740 1741900156
18740 1741900156
18740 1741900156
18760 1741900156
18740 1741900156
18760 1741900157
18760 1741900157
18760 1741900157
18740 1741900157
18740 1741900157
18740 1741900157
18760 1741900157
18740 1741900157
18740 1741900157
18740 1741900157
18760 1741900157
18740 1741900157
18740 1741900157
18760 1741900157
18760 1741900157
18760 1741900157
18740 1741900157
18740 1741900157
18760 1741900157
18760 1741900157
18740 1741900157
18740 1741900157
18760 1741900157
18760 1741900157
18760 1741900157
18740 1741900157
18760 1741900157
18740 1741900157
18760 1741900157
18760 1741900157
18760 1741900157
18740 1741900157
18740 1741900157
18740 1741900157
18740 1741900157
18760 1741900157
18760 1741900157
18760 1741900157
18740 1741900157
18740 1741900157
18760 1741900157
18740 1741900157
18740 1741900157
18740 1741900157
18760 1741900157
18740 1741900157
18760 1741900157
18760 1741900157
18760 1741900157
18760 1741900157
18760 1741900157
18760 1741900157
18760 1741900157
18760 1741900157
18740 1741900157
18760 1741900157
18760 1741900157
18760 1741900157
18760 1741900157
18760 1741900157
18760 1741900157
18760 1741900157
18740 1741900157
18740 1741900157
18740 1741900157
18760 1741900157
18760 1741900157
18760 1741900157
18740 1741900157
18760 1741900157
18760 1741900157
18760 1741900157
18740 1741900157
18740 1741900157
18740 1741900157
18740 1741900157
18740 1741900157
18760 1741900157
18740 1741900157
18760 1741900157
18740 1741900157
18740 1741900157
40123 1741900157
18760 1741900157
18740 1741900157
18760 1741900157
18740 1741900157
18760 1741900157
18760 1741900157
18740 1741900157
18760 1741900157
18760 1741900157
18740 1741900157
18760 1741900157
18740 1741900157
18740 1741900157
18740 1741900157
18740 1741900157
18760 1741900157
18740 1741900157
18760 1741900157
18740 1741900157
18760 1741900157
18760 1741900157
18740 1741900157
18760 1741900157
18760 1741900157
18760 1741900157
18760 1741900158
18760 1741900158
18740 1741900158
18760 1741900158
18760 1741900158
18740 1741900158
18760 1741900158
18740 1741900158
18760 1741900158
18740 1741900158
18760 1741900158
18760 1741900158
18760 1741900158
18760 1741900158
18760 1741900158
18740 1741900158
18760 1741900158
18760 1741900158
18740 1741900158
18740 1741900158
18740 1741900158
18760 1741900158
18760 1741900158
18740 1741900158
18760 1741900158
18740 1741900158
18760 1741900158
18760 1741900158
18760 1741900158
18740 1741900158
18760 1741900158
18760 1741900158
18760 1741900158
18760 1741900158
18760 1741900158
18760 1741900158
18740 1741900158
18740 1741900158
18740 1741900158
18740 1741900158
18740 1741900158
18740 1741900158
18740 1741900158
18760 1741900158
18760 1741900158
18760 1741900158
18760 1741900158
18760 1741900158
18760 1741900158
18740 1741900158
18740 1741900158
18740 1741900158
18760 1741900158
18760 1741900158
18740 1741900158
18760 1741900158
18740 1741900158
18740 1741900158
18740 1741900158
18740 1741900158
18760 1741900158
18760 1741900158
18760 1741900158
18740 1741900158
18760 1741900158
18760 1741900158
18740 1741900158
18760 1741900158
18760 1741900158
18740 1741900158
18760 1741900158
18740 1741900158
18740 1741900158
18740 1741900158
18740 1741900158
18740 1741900158
18740 1741900158
18760 1741900158
18760 1741900158
18740 1741900158
18760 1741900158
40106 1741900158
18740 1741900158
18760 1741900158
18740 1741900158
18740 1741900158
18740 1741900158
18740 1741900158
18760 1741900158
18760 1741900158
18740 1741900158
18760 1741900158
18760 1741900158
18760 1741900158
18740 1741900158
18760 1741900158
18760 1741900158
18740 1741900158
18760 1741900158
18760 1741900158
18760 1741900158
18760 1741900158
18760 1741900158
18760 1741900158
18740 1741900158
18740 1741900158
18760 1741900159
18760 1741900159
18760 1741900159
18760 1741900159
18760 1741900159
18760 1741900159
18740 1741900159
18760 1741900159
18760 1741900159
18760 1741900159
18760 1741900159
18740 1741900159
18760 1741900159
18740 1741900159
18740 1741900159
18760 1741900159
18760 1741900159
18740 1741900159
18760 1741900159
18740 1741900159
18760 1741900159
18760 1741900159
18760 1741900159
18760 1741900159
18760 1741900159
18740 1741900159
18760 1741900159
18740 1741900159
18740 1741900159
18760 1741900159
18760 1741900159
18740 1741900159
18760 1741900159
18740 1741900159
18760 1741900159
18760 1741900159
18740 1741900159
18760 1741900159
18760 1741900159
18760 1741900159
18760 1741900159
18740 1741900159
18740 1741900159
18760 1741900159
18760 1741900159
18760 1741900159
18740 1741900159
18760 1741900159
18760 1741900159
18760 1741900159
18760 1741900159
18760 1741900159
18740 1741900159
18740 1741900159
18760 1741900159
18760 1741900159
18760 1741900159
18760 1741900159
18760 1741900159
18760 1741900159
18740 1741900159
18760 1741900159
18760 1741900159
18740 1741900159
18740 1741900159
18760 1741900159
18740 1741900159
18760 1741900159
18740 1741900159
18740 1741900159
18760 1741900159
18740 1741900159
18740 1741900159
18760 1741900159
18740 1741900159
18740 1741900159
18760 1741900159
18740 1741900159
18740 1741900159
18740 1741900159
18760 1741900159
40105 1741900159
18740 1741900159
18760 1741900159
18740 1741900159
18760 1741900159
18760 1741900159
18760 1741900159
18760 1741900159
18760 1741900159
18740 1741900159
18740 1741900159
18760 1741900159
18740 1741900159
18760 1741900159
18760 1741900159
18740 1741900159
18760 1741900159
18740 1741900159
18760 1741900159
18760 1741900159
18740 1741900159
18760 1741900159
18760 1741900159
18760 1741900159
18760 1741900159
18760 1741900159
18740 1741900159
18760 1741900160
18760 1741900160
18760 1741900160
18740 1741900160
18760 1741900160
18740 1741900160
18740 1741900160
18760 1741900160
18740 1741900160
18760 1741900160
18760 1741900160
18760 1741900160
18760 1741900160
18740 1741900160
18760 1741900160
18740 1741900160
18760 1741900160
18760 1741900160
18740 1741900160
18760 1741900160
18740 1741900160
18760 1741900160
18760 1741900160
18760 1741900160
18760 1741900160
18740 1741900160
18740 1741900160
18760 1741900160
18740 1741900160
18760 1741900160
18760 1741900160
18760 1741900160
18760 1741900160
18740 1741900160
18740 1741900160
18740 1741900160
18760 1741900160
18760 1741900160
18760 1741900160
18760 1741900160
18760 1741900160
18740 1741900160
18740 1741900160
18760 1741900160
18740 1741900160
18760 1741900160
18760 1741900160
18760 1741900160
18760 1741900160
18740 1741900160
18760 1741900160
18760 1741900160
18740 1741900160
18740 1741900160
18740 1741900160
18760 1741900160
18760 1741900160
18740 1741900160
18760 1741900160
18760 1741900160
18760 1741900160
18760 1741900160
18760 1741900160
18760 1741900160
18760 1741900160
18760 1741900160
18740 1741900160
18760 1741900160
18760 1741900160
18760 1741900160
18740 1741900160
18760 1741900160
18760 1741900160
18760 1741900160
18760 1741900160
18760 1741900160
18740 1741900160
18760 1741900160
18760 1741900160
18760 1741900160
18740 1741900160
40108 1741900160
18760 1741900160
18760 1741900160
18760 1741900160
18740 1741900160
18760 1741900160
18760 1741900160
18740 1741900160
18760 1741900160
18760 1741900160
18740 1741900160
18740 1741900160
18740 1741900160
18760 1741900160
18740 1741900160
18740 1741900160
18760 1741900160
18760 1741900160
18740 1741900160
18760 1741900160
18760 1741900160
18740 1741900160
18760 1741900160
18740 1741900160
18740 1741900160
18760 1741900161
18740 1741900161
18740 1741900161
18740 1741900161
18760 1741900161
18760 1741900161
18760 1741900161
18760 1741900161
18740 1741900161
18760 1741900161
18740 1741900161
18740 1741900161
18760 1741900161
18740 1741900161
18760 1741900161
18740 1741900161
18760 1741900161
18760 1741900161
18740 1741900161
18740 1741900161
18740 1741900161
18760 1741900161
18760 1741900161
18740 1741900161
18760 1741900161
18760 1741900161
18740 1741900161
18740 1741900161
18740 1741900161
18760 1741900161
18740 1741900161
18740 1741900161
18740 1741900161
18760 1741900161
18760 1741900161
18740 1741900161
18760 1741900161
18760 1741900161
18740 1741900161
18740 1741900161
18760 1741900161
18760 1741900161
18760 1741900161
18760 1741900161
18760 1741900161
18760 1741900161
18740 1741900161
18760 1741900161
18740 1741900161
18740 1741900161
18740 1741900161
18740 1741900161
18760 1741900161
18760 1741900161
18760 1741900161
18740 1741900161
18740 1741900161
18740 1741900161
18740 1741900161
18760 1741900161
18740 1741900161
18760 1741900161
18760 1741900161
18740 1741900161
18740 1741900161
18760 1741900161
18760 1741900161
18760 1741900161
18740 1741900161
18760 1741900161
18760 1741900161
18760 1741900161
18760 1741900161
18740 1741900161
18760 1741900161
18740 1741900161
18760 1741900161
18760 1741900161
18740 1741900161
18760 1741900161
40104 1741900161
18740 1741900161
18740 1741900161
18760 1741900161
18760 1741900161
18760 1741900161
18760 1741900161
18740 1741900161
18740 1741900161
18740 1741900161
18760 1741900161
18740 1741900161
18740 1741900161
18740 1741900161
18760 1741900161
18740 1741900161
18740 1741900161
18760 1741900161
18740 1741900161
18760 1741900161
18740 1741900161
18740 1741900161
18740 1741900161
18760 1741900161
18760 1741900161
18760 1741900161
18760 1741900162
18760 1741900162
18760 1741900162
18740 1741900162
18760 1741900162
18760 1741900162
18760 1741900162
18740 1741900162
18760 1741900162
18740 1741900162
18740 1741900162
18760 1741900162
18740 1741900162
18760 1741900162
18760 1741900162
18740 1741900162
18760 1741900162
18760 1741900162
18760 1741900162
18760 1741900162
18760 1741900162
18740 1741900162
18740 1741900162
18760 1741900162
18760 1741900162
18740 1741900162
18740 1741900162
18760 1741900162
18760 1741900162
18740 1741900162
18740 1741900162
18740 1741900162
18760 1741900162
18760 1741900162
18760 1741900162
18740 1741900162
18760 1741900162
18760 1741900162
18760 1741900162
18740 1741900162
18740 1741900162
18740 1741900162
18760 1741900162
18740 1741900162
18740 1741900162
18740 1741900162
18760 1741900162
18740 1741900162
18740 1741900162
18740 1741900162
18760 1741900162
18760 1741900162
18760 1741900162
18740 1741900162
18740 1741900162
18740 1741900162
18740 1741900162
18760 1741900162
18760 1741900162
18760 1741900162
18740 1741900162
18740 1741900162
18760 1741900162
18740 1741900162
18760 1741900162
18760 1741900162
18740 1741900162
18740 1741900162
18740 1741900162
18760 1741900162
18760 1741900162
18740 1741900162
18760 1741900162
18740 1741900162
18740 1741900162
18760 1741900162
18740 1741900162
18760 1741900162
18760 1741900162
18740 1741900162
18760 1741900162
18760 1741900162
40107 1741900162
18760 1741900162
18760 1741900162
18760 1741900162
18740 1741900162
18760 1741900162
18740 1741900162
18760 1741900162
18760 1741900162
18740 1741900162
18760 1741900162
18740 1741900162
18740 1741900162
18760 1741900162
18760 1741900162
18740 1741900162
18740 1741900162
18760 1741900162
18740 1741900162
18760 1741900162
18740 1741900162
18760 1741900162
18740 1741900162
18760 1741900162
18760 1741900162
18760 1741900163
18760 1741900163
18740 1741900163
18760 1741900163
18740 1741900163
18760 1741900163
18760 1741900163
18760 1741900163
18760 1741900163
18740 1741900163
18740 1741900163
18760 1741900163
18740 1741900163
18740 1741900163
18740 1741900163
18740 1741900163
18760 1741900163
18740 1741900163
18740 1741900163
18740 1741900163
18740 1741900163
18760 1741900163
18760 1741900163
18760 1741900163
18760 1741900163
18740 1741900163
18740 1741900163
18760 1741900163
18760 1741900163
18760 1741900163
18760 1741900163
18760 1741900163
18740 1741900163
18760 1741900163
18760 1741900163
18740 1741900163
18760 1741900163
18740 1741900163
18760 1741900163
18760 1741900163
18760 1741900163
18740 1741900163
18740 1741900163
18760 1741900163
18740 1741900163
18760 1741900163
18760 1741900163
18760 1741900163
18740 1741900163
18760 1741900163
18760 1741900163
18740 1741900163
18760 1741900163
18760 1741900163
18760 1741900163
18760 1741900163
18760 1741900163
18760 1741900163
18760 1741900163
18740 1741900163
18740 1741900163
18760 1741900163
18740 1741900163
18760 1741900163
18740 1741900163
18740 1741900163
18760 1741900163
18760 1741900163
18760 1741900163
18760 1741900163
18740 1741900163
18760 1741900163
18760 1741900163
18740 1741900163
18740 1741900163
18740 1741900163
18760 1741900163
18760 1741900163
18760 1741900163
18740 1741900163
18760 1741900163
18760 1741900163
40106 1741900163
18760 1741900163
18740 1741900163
18740 1741900163
18740 1741900163
18740 1741900163
18740 1741900163
18760 1741900163
18740 1741900163
18760 1741900163
18740 1741900163
18760 1741900163
18760 1741900163
18740 1741900163
18760 1741900163
18760 1741900163
18760 1741900163
18760 1741900163
18760 1741900163
18740 1741900163
18760 1741900163
18760 1741900163
18740 1741900163
18760 1741900163
18740 1741900163
18760 1741900163
18740 1741900164
18740 1741900164
18760 1741900164
18740 1741900164
18760 1741900164
18740 1741900164
18760 1741900164
18740 1741900164
18740 1741900164
18740 1741900164
18740 1741900164
18740 1741900164
18760 1741900164
18760 1741900164
18760 1741900164
18740 1741900164
18740 1741900164
18760 1741900164
18760 1741900164
18760 1741900164
18760 1741900164
18760 1741900164
18740 1741900164
18760 1741900164
18760 1741900164
18760 1741900164
18740 1741900164
18740 1741900164
18760 1741900164
18760 1741900164
18760 1741900164
18760 1741900164
18760 1741900164
18740 1741900164
18760 1741900164
18760 1741900164
18760 1741900164
18760 1741900164
18760 1741900164
18760 1741900164
18740 1741900164
18760 1741900164
18740 1741900164
18740 1741900164
18760 1741900164
18740 1741900164
18740 1741900164
18740 1741900164
18740 1741900164
18760 1741900164
18760 1741900164
18740 1741900164
18740 1741900164
18740 1741900164
18760 1741900164
18760 1741900164
18740 1741900164
18740 1741900164
18760 1741900164
18760 1741900164
18760 1741900164
18760 1741900164
18740 1741900164
18760 1741900164
18740 1741900164
18760 1741900164
18740 1741900164
18740 1741900164
18760 1741900164
18760 1741900164
18760 1741900164
18760 1741900164
18740 1741900164
18760 1741900164
18760 1741900164
18760 1741900164
18760 1741900164
18760 1741900164
18760 1741900164
18740 1741900164
18740 1741900164
40106 1741900164
18760 1741900164
18740 1741900164
18760 1741900164
18740 1741900164
18740 1741900164
18760 1741900164
18740 1741900164
18760 1741900164
18760 1741900164
18760 1741900164
18760 1741900164
18760 1741900164
18760 1741900164
18740 1741900164
18760 1741900164
18740 1741900164
18740 1741900164
18740 1741900164
18760 1741900164
18740 1741900164
18740 1741900164
18760 1741900164
18760 1741900164
18760 1741900164
18760 1741900164
18740 1741900165
18760 1741900165
18740 1741900165
18740 1741900165
18760 1741900165
18760 1741900165
18760 1741900165
18760 1741900165
18760 1741900165
18740 1741900165
18760 1741900165
18760 1741900165
18760 1741900165
18760 1741900165
18760 1741900165
18760 1741900165
18740 1741900165
18760 1741900165
18760 1741900165
18760 1741900165
18740 1741900165
18740 1741900165
18760 1741900165
18760 1741900165
18760 1741900165
18740 1741900165
18760 1741900165
18760 1741900165
18740 1741900165
18760 1741900165
18740 1741900165
18760 1741900165
18760 1741900165
18740 1741900165
18740 1741900165
18760 1741900165
18760 1741900165
18760 1741900165
18740 1741900165
18740 1741900165
18740 1741900165
18740 1741900165
18740 1741900165
18740 1741900165
18760 1741900165
18740 1741900165
18740 1741900165
18760 1741900165
18760 1741900165
18760 1741900165
18760 1741900165
18740 1741900165
18760 1741900165
18740 1741900165
18740 1741900165
18760 1741900165
18760 1741900165
18760 1741900165
18760 1741900165
18760 1741900165
18740 1741900165
18740 1741900165
18760 1741900165
18760 1741900165
18760 1741900165
18760 1741900165
18740 1741900165
18760 1741900165
18740 1741900165
18740 1741900165
18760 1741900165
18740 1741900165
18740 1741900165
18740 1741900165
18760 1741900165
18760 1741900165
18740 1741900165
18740 1741900165
18740 1741900165
40103 1741900165
18760 1741900165
18760 1741900165
18740 1741900165
18760 1741900165
18760 1741900165
18740 1741900165
18760 1741900165
18740 1741900165
18740 1741900165
18740 1741900165
18760 1741900165
18740 1741900165
18740 1741900165
18740 1741900165
18740 1741900165
18760 1741900165
18760 1741900165
18760 1741900165
18740 1741900165
18740 1741900165
18760 1741900165
18740 1741900165
18760 1741900165
18740 1741900165
18760 1741900166
18760 1741900166
18760 1741900166
18760 1741900166
18760 1741900166
18760 1741900166
18760 1741900166
18760 1741900166
18760 1741900166
18760 1741900166
18740 1741900166
18740 1741900166
18760 1741900166
18760 1741900166
18760 1741900166
18760 1741900166
18740 1741900166
18740 1741900166
18740 1741900166
18740 1741900166
18760 1741900166
18760 1741900166
18760 1741900166
18740 1741900166
18760 1741900166
18740 1741900166
18760 1741900166
18760 1741900166
18760 1741900166
18760 1741900166
18740 1741900166
18740 1741900166
18760 1741900166
18740 1741900166
18740 1741900166
18740 1741900166
18760 1741900166
18760 1741900166
18760 1741900166
18740 1741900166
18760 1741900166
18760 1741900166
18740 1741900166
18760 1741900166
40068 1741900166
40000 1741900167
40000 1741900168
40000 1741900169
40000 1741900170
40000 1741900171
40000 1741900172
40000 1741900173
40000 1741900174
40000 1741900175
40000 1741900176
