40000 1741901217
40000 1741901218
5160 1741901218
5160 1741901218
5160 1741901218
5180 1741901218
5160 1741901218
5160 1741901218
5160 1741901218
5160 1741901218
5160 1741901218
5180 1741901218
5160 1741901218
5160 1741901218
5160 1741901218
5160 1741901218
5180 1741901218
5180 1741901218
5160 1741901218
5180 1741901218
5160 1741901218
5160 1741901218
5180 1741901218
5160 1741901218
5180 1741901218
5160 1741901218
5180 1741901218
5180 1741901218
5160 1741901218
5180 1741901218
5160 1741901218
5180 1741901218
5160 1741901218
5160 1741901218
5160 1741901218
5160 1741901218
5160 1741901218
5160 1741901218
5160 1741901218
5160 1741901218
5160 1741901218
5160 1741901218
5160 1741901218
5160 1741901218
5160 1741901218
5160 1741901218
5160 1741901218
5160 1741901218
5160 1741901218
5160 1741901218
5160 1741901218
5180 1741901218
5160 1741901218
5180 1741901218
5180 1741901218
5160 1741901218
5180 1741901218
5160 1741901218
5180 1741901218
5160 1741901218
5160 1741901218
5160 1741901218
5180 1741901218
5160 1741901218
5160 1741901218
5160 1741901218
5160 1741901218
5160 1741901218
5180 1741901218
5180 1741901218
5160 1741901218
5160 1741901218
5160 1741901218
5160 1741901218
5180 1741901218
5180 1741901218
5160 1741901218
5160 1741901218
5160 1741901218
5180 1741901218
5160 1741901218
5180 1741901218
5180 1741901218
5160 1741901218
5160 1741901218
5160 1741901218
5160 1741901218
5160 1741901218
5160 1741901218
5180 1741901218
5160 1741901218
5160 1741901218
5180 1741901218
5160 1741901218
5180 1741901218
5180 1741901218
5160 1741901218
5180 1741901218
5160 1741901218
5160 1741901218
5160 1741901218
5180 1741901218
5160 1741901218
5160 1741901218
5160 1741901218
5160 1741901218
5180 1741901218
5160 1741901218
5180 1741901218
5180 1741901218
5180 1741901218
5180 1741901218
5160 1741901218
5160 1741901218
5160 1741901218
5160 1741901218
5160 1741901218
5160 1741901219
5160 1741901219
5160 1741901219
5160 1741901219
5180 1741901219
5160 1741901219
5160 1741901219
5160 1741901219
40124 1741901219
5180 1741901219
5160 1741901219
5180 1741901219
5160 1741901219
5180 1741901219
5160 1741901219
5180 1741901219
5160 1741901219
5180 1741901219
5180 1741901219
5180 1741901219
5180 1741901219
5180 1741901219
5160 1741901219
5160 1741901219
5160 1741901219
5160 1741901219
5160 1741901219
5160 1741901219
5160 1741901219
5160 1741901219
5160 1741901219
5160 1741901219
5180 1741901219
5160 1741901219
5160 1741901219
5180 1741901219
5180 1741901219
5160 1741901219
5180 1741901219
5160 1741901219
5160 1741901219
5160 1741901219
5180 1741901219
5160 1741901219
5180 1741901219
5160 1741901219
5160 1741901219
5160 1741901219
5160 1741901219
5160 1741901219
5180 1741901219
5160 1741901219
5180 1741901219
5160 1741901219
5160 1741901219
5160 1741901219
5160 1741901219
5180 1741901219
5160 1741901219
5180 1741901219
5160 1741901219
5160 1741901219
5160 1741901219
5160 1741901219
5180 1741901219
5160 1741901219
5160 1741901219
5160 1741901219
5160 1741901219
5180 1741901219
5160 1741901219
5180 1741901219
20000 1741901219
5160 1741901219
5160 1741901219
5180 1741901219
5160 1741901219
5160 1741901219
5160 1741901219
5160 1741901219
5160 1741901219
5180 1741901219
5160 1741901219
5180 1741901219
5180 1741901219
5160 1741901219
5160 1741901219
5160 1741901219
5180 1741901219
5160 1741901219
5180 1741901219
5160 1741901219
5160 1741901219
5180 1741901219
5160 1741901219
5160 1741901219
5180 1741901219
5160 1741901219
5160 1741901219
5160 1741901219
5180 1741901219
5160 1741901219
5160 1741901219
5160 1741901219
5160 1741901219
5160 1741901219
5180 1741901219
5160 1741901219
5160 1741901220
5160 1741901220
5160 1741901220
5160 1741901220
5160 1741901220
5160 1741901220
5160 1741901220
5160 1741901220
5160 1741901220
40108 1741901220
5160 1741901220
5180 1741901220
5160 1741901220
5180 1741901220
5160 1741901220
5160 1741901220
5160 1741901220
5180 1741901220
5160 1741901220
5160 1741901220
5160 1741901220
5160 1741901220
5160 1741901220
5180 1741901220
5160 1741901220
5160 1741901220
5160 1741901220
5160 1741901220
5160 1741901220
5180 1741901220
5160 1741901220
5180 1741901220
5180 1741901220
5180 1741901220
5180 1741901220
5160 1741901220
5160 1741901220
5160 1741901220
5180 1741901220
5180 1741901220
5180 1741901220
5160 1741901220
5180 1741901220
5160 1741901220
5160 1741901220
5160 1741901220
5180 1741901220
5160 1741901220
5180 1741901220
5180 1741901220
5180 1741901220
5160 1741901220
5180 1741901220
5180 1741901220
5160 1741901220
5160 1741901220
5160 1741901220
5160 1741901220
5180 1741901220
5180 1741901220
5180 1741901220
5180 1741901220
5160 1741901220
5160 1741901220
5160 1741901220
5160 1741901220
5180 1741901220
5160 1741901220
5160 1741901220
5160 1741901220
5160 1741901220
5160 1741901220
5160 1741901220
5160 1741901220
5160 1741901220
5180 1741901220
5160 1741901220
5160 1741901220
5180 1741901220
5160 1741901220
5160 1741901220
5160 1741901220
5180 1741901220
5180 1741901220
5160 1741901220
5160 1741901220
5180 1741901220
5180 1741901220
5160 1741901220
5160 1741901220
5180 1741901220
5160 1741901220
5160 1741901220
5160 1741901220
5160 1741901220
5160 1741901220
5160 1741901220
5160 1741901220
5180 1741901220
5160 1741901220
5160 1741901220
5160 1741901220
5160 1741901220
5180 1741901220
5160 1741901220
5160 1741901220
5160 1741901221
5160 1741901221
5160 1741901221
5180 1741901221
5160 1741901221
5160 1741901221
5180 1741901221
5180 1741901221
40104 1741901221
5160 1741901221
5160 1741901221
5160 1741901221
5160 1741901221
5160 1741901221
5160 1741901221
5180 1741901221
5160 1741901221
5160 1741901221
5160 1741901221
5180 1741901221
5180 1741901221
5160 1741901221
5160 1741901221
5160 1741901221
5180 1741901221
5180 1741901221
5160 1741901221
5180 1741901221
5160 1741901221
5180 1741901221
5160 1741901221
5160 1741901221
5180 1741901221
5160 1741901221
5180 1741901221
5160 1741901221
5180 1741901221
5160 1741901221
5160 1741901221
5180 1741901221
5160 1741901221
5180 1741901221
5160 1741901221
5160 1741901221
5160 1741901221
5180 1741901221
5180 1741901221
5180 1741901221
5160 1741901221
5160 1741901221
5160 1741901221
5160 1741901221
5180 1741901221
5180 1741901221
5160 1741901221
5160 1741901221
5180 1741901221
5160 1741901221
5160 1741901221
5160 1741901221
5180 1741901221
5160 1741901221
5160 1741901221
5160 1741901221
5160 1741901221
5160 1741901221
5180 1741901221
5160 1741901221
5180 1741901221
5160 1741901221
5160 1741901221
5160 1741901221
5160 1741901221
5180 1741901221
5160 1741901221
5180 1741901221
5160 1741901221
5180 1741901221
5160 1741901221
5160 1741901221
5160 1741901221
5160 1741901221
5160 1741901221
5160 1741901221
5180 1741901221
5160 1741901221
5160 1741901221
5160 1741901221
5180 1741901221
5160 1741901221
5180 1741901221
5180 1741901221
5160 1741901221
5180 1741901221
5160 1741901221
5160 1741901221
5160 1741901221
5180 1741901221
5160 1741901221
5160 1741901221
5160 1741901221
5180 1741901221
5180 1741901221
5160 1741901221
5160 1741901221
5160 1741901221
5160 1741901222
5160 1741901222
5160 1741901222
5160 1741901222
5160 1741901222
5180 1741901222
5160 1741901222
5180 1741901222
5180 1741901222
5160 1741901222
40107 1741901222
5160 1741901222
5160 1741901222
5160 1741901222
5160 1741901222
5160 1741901222
5160 1741901222
5180 1741901222
5180 1741901222
5160 1741901222
5180 1741901222
5160 1741901222
5160 1741901222
5160 1741901222
5160 1741901222
5160 1741901222
5160 1741901222
5180 1741901222
5160 1741901222
5160 1741901222
5180 1741901222
5160 1741901222
5160 1741901222
5160 1741901222
5160 1741901222
5160 1741901222
5180 1741901222
5160 1741901222
5160 1741901222
5180 1741901222
5160 1741901222
5160 1741901222
5160 1741901222
5160 1741901222
5160 1741901222
5160 1741901222
5160 1741901222
5160 1741901222
5180 1741901222
5160 1741901222
5180 1741901222
5160 1741901222
5160 1741901222
5180 1741901222
5180 1741901222
5160 1741901222
5160 1741901222
5160 1741901222
5160 1741901222
5160 1741901222
5160 1741901222
5160 1741901222
5160 1741901222
5160 1741901222
5180 1741901222
5180 1741901222
5160 1741901222
5160 1741901222
5160 1741901222
5180 1741901222
5160 1741901222
5180 1741901222
5180 1741901222
5160 1741901222
5160 1741901222
5160 1741901222
5160 1741901222
5160 1741901222
5160 1741901222
5160 1741901222
5160 1741901222
5160 1741901222
5160 1741901222
5180 1741901222
5160 1741901222
5160 1741901222
5160 1741901222
5160 1741901222
5160 1741901222
5180 1741901222
5160 1741901222
5180 1741901222
5180 1741901222
5160 1741901222
5160 1741901222
5180 1741901222
5160 1741901222
5180 1741901222
5180 1741901222
5160 1741901222
5160 1741901222
5160 1741901222
5180 1741901222
5180 1741901222
5160 1741901222
5180 1741901222
5160 1741901222
5160 1741901223
5180 1741901223
5160 1741901223
5160 1741901223
5180 1741901223
5160 1741901223
5160 1741901223
5160 1741901223
5160 1741901223
5160 1741901223
40105 1741901223
5160 1741901223
5160 1741901223
5160 1741901223
5180 1741901223
5160 1741901223
5160 1741901223
5160 1741901223
5160 1741901223
5160 1741901223
5160 1741901223
5160 1741901223
5160 1741901223
5160 1741901223
5160 1741901223
5180 1741901223
5160 1741901223
5180 1741901223
5160 1741901223
5160 1741901223
5160 1741901223
5160 1741901223
5160 1741901223
5160 1741901223
5180 1741901223
5160 1741901223
5160 1741901223
5160 1741901223
5160 1741901223
5160 1741901223
5160 1741901223
5160 1741901223
5160 1741901223
5160 1741901223
5160 1741901223
5160 1741901223
5160 1741901223
5180 1741901223
5160 1741901223
5160 1741901223
5160 1741901223
5160 1741901223
5180 1741901223
5160 1741901223
5160 1741901223
5160 1741901223
5160 1741901223
5160 1741901223
5180 1741901223
5160 1741901223
5160 1741901223
5180 1741901223
5180 1741901223
5160 1741901223
5160 1741901223
5160 1741901223
5160 1741901223
5160 1741901223
5160 1741901223
5160 1741901223
5160 1741901223
5180 1741901223
5180 1741901223
5180 1741901223
5160 1741901223
5180 1741901223
5160 1741901223
5180 1741901223
5180 1741901223
5160 1741901223
5160 1741901223
5160 1741901223
5160 1741901223
5180 1741901223
5160 1741901223
5160 1741901223
5160 1741901223
5180 1741901223
5160 1741901223
5160 1741901223
5180 1741901223
5160 1741901223
5160 1741901223
5180 1741901223
5160 1741901223
5180 1741901223
5180 1741901223
5180 1741901223
5180 1741901223
5160 1741901223
5160 1741901223
5180 1741901223
5160 1741901223
5160 1741901223
5160 1741901223
5160 1741901223
5160 1741901224
5160 1741901224
5160 1741901224
5180 1741901224
5160 1741901224
5160 1741901224
5160 1741901224
5160 1741901224
5160 1741901224
5160 1741901224
5160 1741901224
5180 1741901224
40108 1741901224
5180 1741901224
5160 1741901224
5160 1741901224
5160 1741901224
5160 1741901224
5180 1741901224
5160 1741901224
5180 1741901224
5180 1741901224
5180 1741901224
5180 1741901224
5160 1741901224
5160 1741901224
5160 1741901224
5180 1741901224
5180 1741901224
5160 1741901224
5160 1741901224
20000 1741901224
5180 1741901224
5180 1741901224
5160 1741901224
5160 1741901224
5160 1741901224
5160 1741901224
5160 1741901224
5160 1741901224
5160 1741901224
5180 1741901224
5160 1741901224
5160 1741901224
5160 1741901224
5160 1741901224
5160 1741901224
5160 1741901224
5160 1741901224
5160 1741901224
5160 1741901224
5180 1741901224
5180 1741901224
5160 1741901224
5160 1741901224
5180 1741901224
5160 1741901224
5160 1741901224
5160 1741901224
5160 1741901224
5160 1741901224
5160 1741901224
5160 1741901224
5180 1741901224
5160 1741901224
5180 1741901224
5160 1741901224
5160 1741901224
5160 1741901224
5160 1741901224
5160 1741901224
5160 1741901224
5180 1741901224
5180 1741901224
5160 1741901224
5160 1741901224
5160 1741901224
5180 1741901224
5160 1741901224
5160 1741901224
5180 1741901224
5180 1741901224
5180 1741901224
5180 1741901224
5160 1741901224
5160 1741901224
5160 1741901224
5160 1741901224
5160 1741901224
5180 1741901224
5160 1741901224
5160 1741901224
5160 1741901224
5160 1741901224
5180 1741901224
5180 1741901224
5160 1741901224
5160 1741901224
5160 1741901224
5180 1741901224
5160 1741901224
5160 1741901224
5160 1741901224
5180 1741901224
5160 1741901224
5180 1741901224
5160 1741901224
5180 1741901225
5160 1741901225
5160 1741901225
5180 1741901225
5180 1741901225
5160 1741901225
5180 1741901225
5160 1741901225
5180 1741901225
5180 1741901225
5160 1741901225
5160 1741901225
5160 1741901225
40107 1741901225
5180 1741901225
5180 1741901225
5180 1741901225
5160 1741901225
5160 1741901225
5160 1741901225
5160 1741901225
5160 1741901225
5180 1741901225
5160 1741901225
5160 1741901225
5160 1741901225
5180 1741901225
5160 1741901225
5160 1741901225
5160 1741901225
5180 1741901225
5160 1741901225
5160 1741901225
5160 1741901225
5160 1741901225
5180 1741901225
5160 1741901225
5160 1741901225
5160 1741901225
5160 1741901225
5160 1741901225
5160 1741901225
5160 1741901225
5160 1741901225
5160 1741901225
5180 1741901225
5160 1741901225
5160 1741901225
5180 1741901225
5160 1741901225
5180 1741901225
5180 1741901225
5160 1741901225
5160 1741901225
5160 1741901225
5160 1741901225
5160 1741901225
5160 1741901225
5160 1741901225
5160 1741901225
5180 1741901225
5180 1741901225
5180 1741901225
5160 1741901225
5160 1741901225
5180 1741901225
5160 1741901225
5160 1741901225
5180 1741901225
5180 1741901225
5160 1741901225
5160 1741901225
5180 1741901225
5180 1741901225
5160 1741901225
5160 1741901225
5160 1741901225
5160 1741901225
5160 1741901225
5160 1741901225
5160 1741901225
5160 1741901225
5180 1741901225
5160 1741901225
5160 1741901225
5160 1741901225
5160 1741901225
5160 1741901225
5160 1741901225
5180 1741901225
5180 1741901225
5160 1741901225
5160 1741901225
5160 1741901225
5160 1741901225
5160 1741901225
5160 1741901225
5160 1741901225
5160 1741901225
5160 1741901225
5160 1741901225
5160 1741901225
5180 1741901225
5160 1741901225
5160 1741901225
5180 1741901225
5160 1741901225
5180 1741901225
5160 1741901225
5160 1741901226
5160 1741901226
5180 1741901226
5160 1741901226
5160 1741901226
5180 1741901226
5160 1741901226
5160 1741901226
5160 1741901226
5160 1741901226
5180 1741901226
40106 1741901226
5160 1741901226
5160 1741901226
5160 1741901226
5160 1741901226
5160 1741901226
5160 1741901226
5180 1741901226
5160 1741901226
5160 1741901226
5160 1741901226
5160 1741901226
5180 1741901226
5160 1741901226
5180 1741901226
5160 1741901226
5180 1741901226
5160 1741901226
5160 1741901226
5180 1741901226
5160 1741901226
5160 1741901226
5160 1741901226
5160 1741901226
5160 1741901226
5160 1741901226
5160 1741901226
5160 1741901226
5160 1741901226
5180 1741901226
5160 1741901226
5160 1741901226
5160 1741901226
5160 1741901226
5180 1741901226
5160 1741901226
5160 1741901226
5160 1741901226
5160 1741901226
5160 1741901226
5160 1741901226
5160 1741901226
5160 1741901226
5160 1741901226
5160 1741901226
5160 1741901226
5180 1741901226
5160 1741901226
5180 1741901226
5160 1741901226
5160 1741901226
5180 1741901226
5160 1741901226
5160 1741901226
5160 1741901226
5160 1741901226
5160 1741901226
5180 1741901226
5160 1741901226
5180 1741901226
5180 1741901226
5160 1741901226
5180 1741901226
5180 1741901226
5160 1741901226
5180 1741901226
5160 1741901226
5160 1741901226
5160 1741901226
5160 1741901226
5160 1741901226
5160 1741901226
5160 1741901226
5180 1741901226
5180 1741901226
5160 1741901226
5160 1741901226
5180 1741901226
5160 1741901226
5160 1741901226
5160 1741901226
5160 1741901226
5160 1741901226
5180 1741901226
5160 1741901226
5180 1741901226
5180 1741901226
5160 1741901226
5160 1741901226
5180 1741901226
5160 1741901226
5180 1741901226
5180 1741901226
5180 1741901227
5180 1741901227
5180 1741901227
5180 1741901227
5160 1741901227
5160 1741901227
5160 1741901227
5160 1741901227
5160 1741901227
5160 1741901227
5160 1741901227
5160 1741901227
5160 1741901227
40105 1741901227
5160 1741901227
5160 1741901227
5180 1741901227
5160 1741901227
5180 1741901227
5160 1741901227
5180 1741901227
5160 1741901227
5180 1741901227
5180 1741901227
5160 1741901227
5160 1741901227
5160 1741901227
5160 1741901227
5180 1741901227
5160 1741901227
5160 1741901227
5160 1741901227
5160 1741901227
5180 1741901227
5160 1741901227
5160 1741901227
5160 1741901227
5160 1741901227
5160 1741901227
5160 1741901227
5160 1741901227
5160 1741901227
5160 1741901227
5160 1741901227
5160 1741901227
5160 1741901227
5180 1741901227
5160 1741901227
5160 1741901227
5160 1741901227
5160 1741901227
40036 1741901228
40000 1741901229
40000 1741901230
40000 1741901231
40000 1741901232
40000 1741901233
40000 1741901234
40000 1741901235
40000 1741901236
40000 1741901237
40000 1741901238
40000 1741901239
40000 1741901240
40000 1741901247
40000 1741901248
40000 1741901249
40000 1741901250
40000 1741901251
40000 1741901252
40000 1741901253
40000 1741901254
40000 1741901255
40000 1741901256
40000 1741901257
40000 1741901258
40000 1741901259
40000 1741901260
40000 1741901261
40000 1741901262
40000 1741901263
40000 1741901264
40000 1741901265
40000 1741901266
40000 1741901267
40000 1741901268
40000 1741901269
40000 1741901270
40000 1741901271
40000 1741901272
40000 1741901273
40000 1741901274
40000 1741901275
40000 1741901276
40000 1741901277
40000 1741901278
40000 1741901279
40000 1741901280
40000 1741901281
40000 1741901282
40000 1741901283
40000 1741901284
