40000 1741899186
40000 1741899187
8860 1741899187
8860 1741899187
8840 1741899187
8860 1741899187
8860 1741899187
8840 1741899187
8840 1741899187
8840 1741899187
8840 1741899187
8860 1741899187
8860 1741899187
8860 1741899187
8860 1741899187
8840 1741899187
8860 1741899187
8840 1741899187
8840 1741899187
8860 1741899187
8840 1741899187
8860 1741899187
8860 1741899187
8840 1741899187
8860 1741899187
8860 1741899187
8840 1741899187
8840 1741899187
8860 1741899187
8860 1741899187
8840 1741899187
8860 1741899187
8860 1741899187
8840 1741899187
8860 1741899188
8860 1741899188
8860 1741899188
8860 1741899188
8860 1741899188
8840 1741899188
8860 1741899188
8840 1741899188
8860 1741899188
8840 1741899188
8840 1741899188
8860 1741899188
8840 1741899188
8840 1741899188
8860 1741899188
8840 1741899188
8860 1741899188
8860 1741899188
8860 1741899188
400 1741899188
20000 1741899188
8860 1741899188
8840 1741899188
8840 1741899188
8860 1741899188
8860 1741899188
8860 1741899188
8840 1741899188
8860 1741899188
8860 1741899188
8860 1741899188
8840 1741899188
8860 1741899188
8840 1741899188
8860 1741899188
8840 1741899188
8860 1741899188
8840 1741899188
8860 1741899188
8860 1741899188
400 1741899188
20000 1741899188
8840 1741899188
8860 1741899188
8840 1741899188
8840 1741899188
8860 1741899188
8860 1741899188
8860 1741899188
8860 1741899188
20000 1741899188
8840 1741899188
8860 1741899188
8840 1741899188
8860 1741899188
8840 1741899188
8840 1741899188
8860 1741899188
8840 1741899188
8860 1741899188
8840 1741899188
8860 1741899188
8860 1741899188
8860 1741899188
8840 1741899188
8840 1741899188
8840 1741899188
8860 1741899188
8860 1741899188
8860 1741899188
8840 1741899188
8860 1741899188
8840 1741899188
8860 1741899188
8840 1741899188
8860 1741899188
8860 1741899188
8860 1741899188
8860 1741899188
8860 1741899188
8860 1741899188
8840 1741899188
8860 1741899188
8860 1741899188
8840 1741899188
8860 1741899188
8860 1741899188
8840 1741899188
8840 1741899188
8860 1741899188
8840 1741899188
8840 1741899188
8840 1741899188
40126 1741899188
8840 1741899188
8860 1741899188
8860 1741899188
8860 1741899188
8840 1741899188
8860 1741899188
8860 1741899188
8860 1741899188
8840 1741899188
8860 1741899188
8840 1741899188
8860 1741899188
8860 1741899188
8860 1741899188
8860 1741899188
8860 1741899188
8840 1741899188
8840 1741899188
8840 1741899188
8840 1741899188
8840 1741899188
8840 1741899189
8840 1741899189
8860 1741899189
8840 1741899189
8840 1741899189
8840 1741899189
8860 1741899189
8840 1741899189
8860 1741899189
8840 1741899189
8860 1741899189
8860 1741899189
8860 1741899189
8860 1741899189
8860 1741899189
8860 1741899189
8840 1741899189
8860 1741899189
8840 1741899189
8860 1741899189
8840 1741899189
8840 1741899189
8840 1741899189
8860 1741899189
8860 1741899189
8860 1741899189
8860 1741899189
8840 1741899189
8840 1741899189
8860 1741899189
8840 1741899189
8840 1741899189
400 1741899189
20000 1741899189
8860 1741899189
8840 1741899189
8860 1741899189
8840 1741899189
8860 1741899189
8840 1741899189
8840 1741899189
8860 1741899189
8860 1741899189
8860 1741899189
8840 1741899189
8840 1741899189
8860 1741899189
8860 1741899189
8860 1741899189
8860 1741899189
8840 1741899189
8860 1741899189
8840 1741899189
8840 1741899189
8840 1741899189
8860 1741899189
8840 1741899189
8840 1741899189
8860 1741899189
8840 1741899189
8840 1741899189
8860 1741899189
8860 1741899189
8860 1741899189
8860 1741899189
8860 1741899189
8860 1741899189
8860 1741899189
8840 1741899189
8860 1741899189
8860 1741899189
8860 1741899189
8840 1741899189
8840 1741899189
8860 1741899189
8860 1741899189
8860 1741899189
8840 1741899189
8860 1741899189
8860 1741899189
8840 1741899189
8860 1741899189
8840 1741899189
8840 1741899189
8840 1741899189
8860 1741899189
40107 1741899189
8840 1741899189
8840 1741899189
8860 1741899189
8860 1741899189
8860 1741899189
8860 1741899189
8860 1741899189
8840 1741899189
8860 1741899189
8840 1741899189
8840 1741899189
8860 1741899189
8840 1741899189
8860 1741899189
8840 1741899189
8860 1741899189
8860 1741899189
8860 1741899189
8860 1741899189
8860 1741899189
8860 1741899190
400 1741899190
20000 1741899190
8840 1741899190
8840 1741899190
8860 1741899190
8840 1741899190
8860 1741899190
8860 1741899190
8840 1741899190
8840 1741899190
8860 1741899190
8860 1741899190
8860 1741899190
8860 1741899190
8860 1741899190
8840 1741899190
8840 1741899190
8840 1741899190
8860 1741899190
8840 1741899190
8840 1741899190
8840 1741899190
8860 1741899190
8840 1741899190
8860 1741899190
8860 1741899190
8840 1741899190
8860 1741899190
8840 1741899190
8860 1741899190
8860 1741899190
8840 1741899190
8860 1741899190
8860 1741899190
8840 1741899190
8860 1741899190
8860 1741899190
8860 1741899190
8860 1741899190
8840 1741899190
8840 1741899190
8860 1741899190
8860 1741899190
8840 1741899190
8860 1741899190
8860 1741899190
8840 1741899190
8840 1741899190
8860 1741899190
8840 1741899190
8840 1741899190
8840 1741899190
8860 1741899190
8860 1741899190
8860 1741899190
8860 1741899190
8860 1741899190
8840 1741899190
8840 1741899190
8860 1741899190
8840 1741899190
8860 1741899190
8840 1741899190
8860 1741899190
8860 1741899190
8860 1741899190
8840 1741899190
8840 1741899190
8860 1741899190
8840 1741899190
8860 1741899190
8860 1741899190
8860 1741899190
8860 1741899190
8840 1741899190
8860 1741899190
8840 1741899190
8840 1741899190
8860 1741899190
8840 1741899190
8860 1741899190
8860 1741899190
8840 1741899190
8860 1741899190
8860 1741899190
8860 1741899190
40107 1741899190
8840 1741899190
8860 1741899190
8860 1741899190
8840 1741899190
8840 1741899190
8840 1741899190
8860 1741899190
8860 1741899190
8860 1741899190
8860 1741899190
8840 1741899190
8860 1741899190
8860 1741899190
8860 1741899190
8840 1741899190
8860 1741899190
8860 1741899190
8860 1741899190
8840 1741899190
8840 1741899190
8860 1741899191
8860 1741899191
8860 1741899191
8860 1741899191
8860 1741899191
8840 1741899191
8860 1741899191
8840 1741899191
8860 1741899191
8840 1741899191
8860 1741899191
8840 1741899191
8860 1741899191
8840 1741899191
8860 1741899191
8860 1741899191
8840 1741899191
8840 1741899191
8860 1741899191
8860 1741899191
8860 1741899191
8860 1741899191
8840 1741899191
8840 1741899191
8840 1741899191
8840 1741899191
8840 1741899191
8860 1741899191
8860 1741899191
8840 1741899191
8860 1741899191
8860 1741899191
8860 1741899191
8860 1741899191
8860 1741899191
8860 1741899191
8860 1741899191
8860 1741899191
8860 1741899191
8860 1741899191
8840 1741899191
8840 1741899191
8860 1741899191
8840 1741899191
8860 1741899191
8860 1741899191
400 1741899191
20000 1741899191
8840 1741899191
8840 1741899191
8840 1741899191
8840 1741899191
8860 1741899191
8860 1741899191
8860 1741899191
8860 1741899191
8860 1741899191
8860 1741899191
8840 1741899191
8860 1741899191
8860 1741899191
8840 1741899191
8860 1741899191
8860 1741899191
8860 1741899191
8860 1741899191
8840 1741899191
8860 1741899191
8860 1741899191
8860 1741899191
8860 1741899191
8860 1741899191
8860 1741899191
8840 1741899191
8860 1741899191
8860 1741899191
8840 1741899191
8860 1741899191
8860 1741899191
8860 1741899191
8860 1741899191
8860 1741899191
8860 1741899191
8840 1741899191
8860 1741899191
8860 1741899191
8860 1741899191
40107 1741899191
8860 1741899191
8860 1741899191
8860 1741899191
8860 1741899191
8840 1741899191
8860 1741899191
8840 1741899191
8860 1741899191
8860 1741899191
8860 1741899191
8840 1741899191
8860 1741899191
8860 1741899191
8860 1741899191
8860 1741899191
8860 1741899191
8860 1741899191
8840 1741899191
8860 1741899191
8860 1741899191
8860 1741899191
8860 1741899192
8840 1741899192
8860 1741899192
8860 1741899192
8840 1741899192
8840 1741899192
8840 1741899192
8840 1741899192
8860 1741899192
8840 1741899192
8840 1741899192
8860 1741899192
8860 1741899192
8840 1741899192
8840 1741899192
8860 1741899192
8860 1741899192
8840 1741899192
8840 1741899192
8860 1741899192
8860 1741899192
8840 1741899192
400 1741899192
20000 1741899192
8860 1741899192
8860 1741899192
8840 1741899192
8840 1741899192
8860 1741899192
8840 1741899192
8840 1741899192
8840 1741899192
8840 1741899192
8860 1741899192
8840 1741899192
8860 1741899192
8860 1741899192
8840 1741899192
8860 1741899192
8860 1741899192
8840 1741899192
8860 1741899192
8860 1741899192
8840 1741899192
8860 1741899192
8840 1741899192
8860 1741899192
8860 1741899192
8860 1741899192
8860 1741899192
8840 1741899192
8860 1741899192
8860 1741899192
8860 1741899192
8840 1741899192
8840 1741899192
8840 1741899192
8860 1741899192
8860 1741899192
8840 1741899192
8860 1741899192
8860 1741899192
8860 1741899192
8860 1741899192
8860 1741899192
8840 1741899192
8840 1741899192
8860 1741899192
8860 1741899192
8840 1741899192
8860 1741899192
8860 1741899192
8860 1741899192
8860 1741899192
8860 1741899192
8860 1741899192
8860 1741899192
8840 1741899192
8860 1741899192
8860 1741899192
8860 1741899192
8860 1741899192
8860 1741899192
8840 1741899192
8860 1741899192
8860 1741899192
8860 1741899192
8840 1741899192
40108 1741899192
8840 1741899192
8860 1741899192
8840 1741899192
8840 1741899192
8860 1741899192
8840 1741899192
8840 1741899192
8840 1741899192
8860 1741899192
8860 1741899192
8840 1741899192
8840 1741899192
8860 1741899192
8860 1741899192
8840 1741899192
8840 1741899192
8860 1741899192
8860 1741899193
8840 1741899193
8840 1741899193
8860 1741899193
8860 1741899193
8860 1741899193
8840 1741899193
8860 1741899193
8840 1741899193
8840 1741899193
8860 1741899193
8860 1741899193
8860 1741899193
8840 1741899193
8860 1741899193
8860 1741899193
8860 1741899193
8840 1741899193
8860 1741899193
8840 1741899193
8840 1741899193
8840 1741899193
8860 1741899193
8840 1741899193
8840 1741899193
8840 1741899193
8860 1741899193
8860 1741899193
8840 1741899193
8840 1741899193
8840 1741899193
8840 1741899193
8860 1741899193
8860 1741899193
8860 1741899193
8840 1741899193
8860 1741899193
8840 1741899193
8860 1741899193
8840 1741899193
8840 1741899193
8860 1741899193
8840 1741899193
8860 1741899193
8860 1741899193
8840 1741899193
8840 1741899193
8860 1741899193
8840 1741899193
8860 1741899193
8840 1741899193
8860 1741899193
8840 1741899193
8860 1741899193
8860 1741899193
8840 1741899193
8840 1741899193
8860 1741899193
8860 1741899193
8840 1741899193
8860 1741899193
8840 1741899193
8840 1741899193
8860 1741899193
8840 1741899193
8860 1741899193
8860 1741899193
8860 1741899193
8860 1741899193
8860 1741899193
8860 1741899193
8860 1741899193
8860 1741899193
8840 1741899193
8840 1741899193
8860 1741899193
8860 1741899193
8860 1741899193
8840 1741899193
8860 1741899193
8860 1741899193
8860 1741899193
8860 1741899193
8860 1741899193
400 1741899193
20000 1741899193
8860 1741899193
8840 1741899193
40106 1741899193
8860 1741899193
8840 1741899193
8860 1741899193
8860 1741899193
8860 1741899193
8840 1741899193
8840 1741899193
8860 1741899193
20000 1741899193
8860 1741899193
8840 1741899193
8840 1741899193
8840 1741899193
8860 1741899193
8860 1741899193
8860 1741899193
8860 1741899193
8860 1741899193
8840 1741899193
8840 1741899194
8860 1741899194
8840 1741899194
8840 1741899194
8860 1741899194
8860 1741899194
8840 1741899194
8860 1741899194
8840 1741899194
8840 1741899194
8840 1741899194
8840 1741899194
8860 1741899194
8860 1741899194
8860 1741899194
8840 1741899194
8840 1741899194
8860 1741899194
8860 1741899194
8860 1741899194
8840 1741899194
8860 1741899194
8860 1741899194
8840 1741899194
8860 1741899194
8860 1741899194
8840 1741899194
8840 1741899194
8840 1741899194
8840 1741899194
8840 1741899194
8860 1741899194
8840 1741899194
8840 1741899194
8840 1741899194
8840 1741899194
8860 1741899194
8860 1741899194
8860 1741899194
8840 1741899194
8860 1741899194
8860 1741899194
8840 1741899194
8860 1741899194
8840 1741899194
8860 1741899194
8860 1741899194
8860 1741899194
8860 1741899194
8840 1741899194
8860 1741899194
8840 1741899194
8840 1741899194
8840 1741899194
8860 1741899194
8860 1741899194
8840 1741899194
8840 1741899194
8860 1741899194
8840 1741899194
8860 1741899194
8860 1741899194
8840 1741899194
8840 1741899194
8860 1741899194
8840 1741899194
8840 1741899194
8860 1741899194
8840 1741899194
8860 1741899194
8860 1741899194
8860 1741899194
8860 1741899194
8840 1741899194
8840 1741899194
8860 1741899194
8840 1741899194
8840 1741899194
8860 1741899194
8860 1741899194
8860 1741899194
8860 1741899194
8840 1741899194
8840 1741899194
8860 1741899194
8840 1741899194
8860 1741899194
40106 1741899194
8840 1741899194
8840 1741899194
8840 1741899194
8840 1741899194
8860 1741899194
8840 1741899194
8840 1741899194
8860 1741899194
8860 1741899194
8860 1741899194
8840 1741899194
8840 1741899194
8860 1741899194
8860 1741899194
8840 1741899194
8860 1741899194
8860 1741899195
8860 1741899195
8840 1741899195
8860 1741899195
8860 1741899195
8840 1741899195
8860 1741899195
8840 1741899195
8860 1741899195
8840 1741899195
8860 1741899195
8840 1741899195
8840 1741899195
8860 1741899195
8860 1741899195
8860 1741899195
8860 1741899195
8860 1741899195
8840 1741899195
8860 1741899195
8840 1741899195
8860 1741899195
8840 1741899195
8860 1741899195
8860 1741899195
8860 1741899195
8840 1741899195
8860 1741899195
8860 1741899195
8860 1741899195
8860 1741899195
8860 1741899195
8860 1741899195
8840 1741899195
8840 1741899195
8860 1741899195
8840 1741899195
8860 1741899195
8860 1741899195
8860 1741899195
8860 1741899195
8840 1741899195
8860 1741899195
8840 1741899195
8860 1741899195
8860 1741899195
8860 1741899195
8860 1741899195
8860 1741899195
8860 1741899195
8860 1741899195
8860 1741899195
8840 1741899195
8840 1741899195
8860 1741899195
8840 1741899195
8860 1741899195
8860 1741899195
8860 1741899195
8840 1741899195
8840 1741899195
8840 1741899195
8860 1741899195
8860 1741899195
8840 1741899195
8860 1741899195
8860 1741899195
8840 1741899195
8860 1741899195
8840 1741899195
8840 1741899195
8840 1741899195
8860 1741899195
8840 1741899195
8860 1741899195
8860 1741899195
8860 1741899195
8840 1741899195
8860 1741899195
8860 1741899195
8840 1741899195
8840 1741899195
8840 1741899195
8860 1741899195
8860 1741899195
8860 1741899195
8840 1741899195
8860 1741899195
8840 1741899195
40105 1741899195
8860 1741899195
8860 1741899195
8860 1741899195
8860 1741899195
8860 1741899195
8860 1741899195
8840 1741899195
8860 1741899195
8860 1741899195
8860 1741899195
8840 1741899195
8840 1741899195
8860 1741899195
8860 1741899195
8860 1741899195
8860 1741899195
8860 1741899195
8840 1741899195
8840 1741899195
8860 1741899195
8860 1741899196
8860 1741899196
8840 1741899196
8860 1741899196
8860 1741899196
8840 1741899196
8860 1741899196
8860 1741899196
8860 1741899196
8840 1741899196
8840 1741899196
8860 1741899196
8860 1741899196
8840 1741899196
8840 1741899196
8860 1741899196
8840 1741899196
400 1741899196
20000 1741899196
8840 1741899196
8840 1741899196
8840 1741899196
8840 1741899196
8860 1741899196
8840 1741899196
8840 1741899196
8860 1741899196
8860 1741899196
8860 1741899196
8840 1741899196
380 1741899196
20000 1741899196
8840 1741899196
8860 1741899196
8840 1741899196
8840 1741899196
8860 1741899196
8840 1741899196
8860 1741899196
8860 1741899196
8860 1741899196
8840 1741899196
8860 1741899196
8860 1741899196
8860 1741899196
8860 1741899196
8840 1741899196
8840 1741899196
8840 1741899196
8860 1741899196
8840 1741899196
8860 1741899196
8860 1741899196
8840 1741899196
8840 1741899196
8860 1741899196
8860 1741899196
8860 1741899196
8860 1741899196
8860 1741899196
8860 1741899196
8860 1741899196
8860 1741899196
8860 1741899196
8860 1741899196
8840 1741899196
8840 1741899196
8860 1741899196
8860 1741899196
8840 1741899196
400 1741899196
20000 1741899196
8860 1741899196
8860 1741899196
8840 1741899196
8860 1741899196
8860 1741899196
8840 1741899196
8860 1741899196
8840 1741899196
8840 1741899196
8860 1741899196
8860 1741899196
8860 1741899196
8840 1741899196
8840 1741899196
8860 1741899196
8840 1741899196
8840 1741899196
40108 1741899196
8860 1741899196
8860 1741899196
8840 1741899196
8860 1741899196
8860 1741899196
8860 1741899196
8860 1741899196
8840 1741899196
8860 1741899196
8860 1741899196
8860 1741899196
8860 1741899196
8860 1741899196
8860 1741899196
8860 1741899196
8860 1741899196
8840 1741899196
8860 1741899197
8860 1741899197
8840 1741899197
8860 1741899197
8840 1741899197
8840 1741899197
8840 1741899197
8860 1741899197
8860 1741899197
8840 1741899197
8860 1741899197
8840 1741899197
8860 1741899197
8860 1741899197
8860 1741899197
8860 1741899197
8860 1741899197
8840 1741899197
8860 1741899197
40036 1741899197
40000 1741899198
40000 1741899199
40000 1741899208
40000 1741899209
40000 1741899210
40000 1741899211
40000 1741899212
40000 1741899213
40000 1741899214
40000 1741899215
40000 1741899216
40000 1741899217
40000 1741899218
40000 1741899219
40000 1741899220
40000 1741899221
40000 1741899222
40000 1741899223
40000 1741899225
40000 1741899226
40000 1741899227
40000 1741899228
40000 1741899229
40000 1741899230
40000 1741899231
40000 1741899232
40000 1741899233
40000 1741899234
40000 1741899235
40000 1741899236
40000 1741899237
40000 1741899238
40000 1741899239
