40000 1741899314
40000 1741899315
12140 1741899315
12140 1741899315
12120 1741899315
12120 1741899315
12120 1741899315
12120 1741899315
12140 1741899315
12140 1741899315
12140 1741899315
12120 1741899315
12120 1741899315
12120 1741899315
12120 1741899315
12120 1741899315
12120 1741899315
12120 1741899315
12120 1741899315
12120 1741899315
12120 1741899315
12120 1741899315
12120 1741899315
12120 1741899315
12140 1741899315
12120 1741899315
12120 1741899315
12140 1741899315
12120 1741899315
12120 1741899315
12120 1741899315
12140 1741899315
12120 1741899315
12120 1741899315
12120 1741899315
12120 1741899315
12120 1741899315
12120 1741899315
12120 1741899315
12140 1741899315
12120 1741899315
12120 1741899315
12120 1741899315
12120 1741899315
12120 1741899315
12140 1741899315
12120 1741899315
12120 1741899315
12120 1741899315
12140 1741899315
12120 1741899315
12120 1741899315
12120 1741899315
12120 1741899315
12120 1741899315
12140 1741899315
12140 1741899315
12120 1741899315
12120 1741899315
12120 1741899315
12140 1741899315
12120 1741899315
12120 1741899315
12120 1741899315
12120 1741899315
12140 1741899315
12120 1741899315
12120 1741899315
12120 1741899315
12120 1741899315
12120 1741899315
12120 1741899315
12140 1741899315
12120 1741899315
12120 1741899315
12140 1741899315
12120 1741899315
12120 1741899315
12120 1741899315
12120 1741899315
12120 1741899315
12140 1741899315
12120 1741899315
12140 1741899315
12120 1741899315
12120 1741899315
12140 1741899315
12120 1741899315
12120 1741899315
12120 1741899315
12120 1741899315
12120 1741899315
12120 1741899315
12140 1741899315
12140 1741899315
12120 1741899315
12120 1741899315
12120 1741899315
12140 1741899315
12120 1741899315
12140 1741899315
12120 1741899315
12120 1741899315
12120 1741899315
12140 1741899315
12120 1741899315
12120 1741899315
12140 1741899315
12120 1741899315
12120 1741899315
12140 1741899315
12120 1741899315
12120 1741899315
12120 1741899315
12120 1741899315
12120 1741899315
12120 1741899315
12120 1741899315
12120 1741899315
12120 1741899315
12120 1741899315
12120 1741899315
12120 1741899315
12120 1741899316
40123 1741899316
12140 1741899316
12120 1741899316
12120 1741899316
12120 1741899316
12120 1741899316
12140 1741899316
12120 1741899316
12120 1741899316
12120 1741899316
12120 1741899316
12140 1741899316
12140 1741899316
12140 1741899316
12120 1741899316
12120 1741899316
12120 1741899316
12140 1741899316
12120 1741899316
12140 1741899316
12140 1741899316
12120 1741899316
12120 1741899316
12140 1741899316
12120 1741899316
12120 1741899316
12140 1741899316
12120 1741899316
12140 1741899316
12120 1741899316
12120 1741899316
12140 1741899316
12120 1741899316
12120 1741899316
12120 1741899316
12120 1741899316
12120 1741899316
12120 1741899316
12120 1741899316
12120 1741899316
12120 1741899316
12120 1741899316
12120 1741899316
320 1741899316
20000 1741899316
12120 1741899316
12120 1741899316
12120 1741899316
12140 1741899316
12120 1741899316
12140 1741899316
12140 1741899316
12120 1741899316
12140 1741899316
12120 1741899316
12120 1741899316
12120 1741899316
12120 1741899316
12120 1741899316
12120 1741899316
12120 1741899316
12120 1741899316
12140 1741899316
12140 1741899316
12140 1741899316
12120 1741899316
12120 1741899316
12120 1741899316
12120 1741899316
12120 1741899316
12120 1741899316
12120 1741899316
12120 1741899316
12120 1741899316
12120 1741899316
12120 1741899316
12140 1741899316
12120 1741899316
12140 1741899316
12120 1741899316
12120 1741899316
12120 1741899316
12120 1741899316
12120 1741899316
12140 1741899316
12120 1741899316
12140 1741899316
12140 1741899316
12120 1741899316
12140 1741899316
12120 1741899316
12120 1741899316
12140 1741899316
12120 1741899316
12120 1741899316
12140 1741899316
12120 1741899316
12140 1741899316
12120 1741899316
12120 1741899316
12120 1741899316
12120 1741899316
12120 1741899316
12140 1741899316
12120 1741899316
12140 1741899316
12120 1741899316
12140 1741899317
12120 1741899317
12120 1741899317
40109 1741899317
12120 1741899317
12120 1741899317
12120 1741899317
12120 1741899317
12120 1741899317
12120 1741899317
12120 1741899317
12120 1741899317
12140 1741899317
12120 1741899317
12120 1741899317
12120 1741899317
12120 1741899317
12120 1741899317
12120 1741899317
12140 1741899317
12120 1741899317
12140 1741899317
12120 1741899317
12120 1741899317
12120 1741899317
12120 1741899317
12120 1741899317
12140 1741899317
12120 1741899317
12140 1741899317
12140 1741899317
12120 1741899317
12120 1741899317
12120 1741899317
12120 1741899317
12120 1741899317
12120 1741899317
12120 1741899317
12120 1741899317
12120 1741899317
12120 1741899317
12120 1741899317
12140 1741899317
12140 1741899317
12140 1741899317
12140 1741899317
12120 1741899317
12120 1741899317
12140 1741899317
12140 1741899317
12120 1741899317
12120 1741899317
12140 1741899317
12140 1741899317
12120 1741899317
12120 1741899317
12120 1741899317
12140 1741899317
12120 1741899317
12120 1741899317
12120 1741899317
12140 1741899317
12120 1741899317
12120 1741899317
12140 1741899317
12120 1741899317
12120 1741899317
12120 1741899317
12140 1741899317
12120 1741899317
12120 1741899317
12120 1741899317
12140 1741899317
12120 1741899317
12140 1741899317
12120 1741899317
12120 1741899317
12120 1741899317
12140 1741899317
12120 1741899317
12120 1741899317
12140 1741899317
12120 1741899317
12120 1741899317
12120 1741899317
12140 1741899317
12140 1741899317
12120 1741899317
12120 1741899317
12120 1741899317
12120 1741899317
12120 1741899317
12120 1741899317
12120 1741899317
12120 1741899317
12120 1741899317
12140 1741899317
12120 1741899317
12120 1741899317
12140 1741899317
12120 1741899317
12120 1741899317
12120 1741899317
12140 1741899317
12120 1741899317
12120 1741899317
12120 1741899317
12120 1741899318
12120 1741899318
40105 1741899318
12120 1741899318
12120 1741899318
12120 1741899318
12120 1741899318
12140 1741899318
12140 1741899318
12120 1741899318
12120 1741899318
12120 1741899318
12120 1741899318
12120 1741899318
12120 1741899318
12120 1741899318
12140 1741899318
12120 1741899318
12120 1741899318
12140 1741899318
12120 1741899318
12120 1741899318
12120 1741899318
12120 1741899318
12120 1741899318
12120 1741899318
12120 1741899318
12120 1741899318
12140 1741899318
12140 1741899318
12120 1741899318
12120 1741899318
12140 1741899318
12120 1741899318
12120 1741899318
12140 1741899318
12120 1741899318
12120 1741899318
12120 1741899318
12120 1741899318
12120 1741899318
12120 1741899318
12120 1741899318
12120 1741899318
12120 1741899318
12120 1741899318
12120 1741899318
12140 1741899318
12120 1741899318
12120 1741899318
12120 1741899318
12120 1741899318
12120 1741899318
12120 1741899318
12140 1741899318
12120 1741899318
12120 1741899318
12120 1741899318
12140 1741899318
12120 1741899318
12120 1741899318
12120 1741899318
12120 1741899318
12120 1741899318
12120 1741899318
12120 1741899318
12120 1741899318
12120 1741899318
12120 1741899318
12140 1741899318
12120 1741899318
12120 1741899318
12140 1741899318
12120 1741899318
12140 1741899318
12120 1741899318
12120 1741899318
12120 1741899318
12120 1741899318
12120 1741899318
12120 1741899318
12120 1741899318
12140 1741899318
12120 1741899318
12120 1741899318
12120 1741899318
12120 1741899318
12140 1741899318
12120 1741899318
12120 1741899318
12140 1741899318
12140 1741899318
12120 1741899318
12120 1741899318
12120 1741899318
12120 1741899318
12120 1741899318
12120 1741899318
12120 1741899318
12120 1741899318
12140 1741899318
12140 1741899318
12120 1741899318
12120 1741899318
12120 1741899318
12140 1741899318
12140 1741899319
12120 1741899319
12120 1741899319
40105 1741899319
12120 1741899319
12120 1741899319
12120 1741899319
12120 1741899319
12140 1741899319
12120 1741899319
12140 1741899319
12120 1741899319
12120 1741899319
12120 1741899319
12120 1741899319
12120 1741899319
12140 1741899319
12120 1741899319
12120 1741899319
12120 1741899319
12140 1741899319
12140 1741899319
12120 1741899319
12120 1741899319
12120 1741899319
12120 1741899319
12120 1741899319
12120 1741899319
12120 1741899319
12140 1741899319
12120 1741899319
12120 1741899319
12120 1741899319
12140 1741899319
12120 1741899319
12140 1741899319
12120 1741899319
12120 1741899319
12120 1741899319
12120 1741899319
12120 1741899319
12140 1741899319
12140 1741899319
12120 1741899319
12120 1741899319
12140 1741899319
12120 1741899319
12140 1741899319
12140 1741899319
12120 1741899319
12120 1741899319
12140 1741899319
12120 1741899319
12140 1741899319
12120 1741899319
12140 1741899319
12120 1741899319
12140 1741899319
12120 1741899319
12120 1741899319
12120 1741899319
12120 1741899319
12140 1741899319
12120 1741899319
12120 1741899319
12120 1741899319
12120 1741899319
12120 1741899319
12120 1741899319
12120 1741899319
12120 1741899319
12120 1741899319
12140 1741899319
12140 1741899319
12120 1741899319
12140 1741899319
12120 1741899319
12120 1741899319
12120 1741899319
12120 1741899319
12120 1741899319
12120 1741899319
12120 1741899319
12140 1741899319
12120 1741899319
12120 1741899319
12120 1741899319
12120 1741899319
12140 1741899319
12120 1741899319
12120 1741899319
12140 1741899319
12120 1741899319
12120 1741899319
12120 1741899319
12140 1741899319
12140 1741899319
12140 1741899319
12120 1741899319
12120 1741899319
12120 1741899319
12120 1741899319
12120 1741899319
12120 1741899319
12120 1741899319
12120 1741899319
12120 1741899320
12120 1741899320
12140 1741899320
40106 1741899320
12140 1741899320
12120 1741899320
12120 1741899320
12120 1741899320
12120 1741899320
12120 1741899320
12140 1741899320
12120 1741899320
12120 1741899320
12120 1741899320
12140 1741899320
12140 1741899320
12140 1741899320
12120 1741899320
12140 1741899320
12120 1741899320
12140 1741899320
12120 1741899320
12120 1741899320
12120 1741899320
12120 1741899320
12120 1741899320
12140 1741899320
12120 1741899320
12120 1741899320
12120 1741899320
12140 1741899320
12120 1741899320
12120 1741899320
12120 1741899320
12120 1741899320
12120 1741899320
12140 1741899320
12140 1741899320
12120 1741899320
12120 1741899320
12120 1741899320
12120 1741899320
12120 1741899320
12140 1741899320
12120 1741899320
12120 1741899320
12120 1741899320
12120 1741899320
12120 1741899320
12120 1741899320
12140 1741899320
12120 1741899320
12120 1741899320
12120 1741899320
12120 1741899320
12140 1741899320
12120 1741899320
12140 1741899320
12120 1741899320
12140 1741899320
12120 1741899320
12140 1741899320
12120 1741899320
12140 1741899320
12120 1741899320
12120 1741899320
12140 1741899320
12120 1741899320
12120 1741899320
12140 1741899320
12120 1741899320
12120 1741899320
12120 1741899320
12120 1741899320
12120 1741899320
12120 1741899320
12120 1741899320
12140 1741899320
12140 1741899320
12120 1741899320
12120 1741899320
12120 1741899320
12120 1741899320
12140 1741899320
12120 1741899320
12140 1741899320
12120 1741899320
12120 1741899320
12120 1741899320
12120 1741899320
12120 1741899320
12120 1741899320
12120 1741899320
12140 1741899320
12120 1741899320
12140 1741899320
12120 1741899320
12120 1741899320
12120 1741899320
12140 1741899320
12120 1741899320
12140 1741899320
12140 1741899320
12120 1741899320
12120 1741899320
12120 1741899320
12120 1741899320
12140 1741899320
12120 1741899321
12140 1741899321
12120 1741899321
12140 1741899321
40107 1741899321
12140 1741899321
12120 1741899321
12120 1741899321
12120 1741899321
12120 1741899321
12120 1741899321
12140 1741899321
12120 1741899321
12120 1741899321
12120 1741899321
12120 1741899321
12120 1741899321
12140 1741899321
12120 1741899321
12120 1741899321
12140 1741899321
12120 1741899321
12140 1741899321
12140 1741899321
12140 1741899321
12120 1741899321
12120 1741899321
12120 1741899321
12120 1741899321
12140 1741899321
12120 1741899321
12120 1741899321
12120 1741899321
12120 1741899321
12120 1741899321
12120 1741899321
12120 1741899321
12120 1741899321
12120 1741899321
12120 1741899321
12120 1741899321
12140 1741899321
12120 1741899321
12120 1741899321
12120 1741899321
12140 1741899321
12140 1741899321
12140 1741899321
12120 1741899321
12120 1741899321
12120 1741899321
12120 1741899321
12120 1741899321
12120 1741899321
12120 1741899321
12120 1741899321
12120 1741899321
12120 1741899321
12140 1741899321
12140 1741899321
12120 1741899321
12120 1741899321
12120 1741899321
12120 1741899321
12140 1741899321
12120 1741899321
12120 1741899321
12120 1741899321
12120 1741899321
12120 1741899321
12120 1741899321
12140 1741899321
12120 1741899321
12120 1741899321
12140 1741899321
12120 1741899321
12120 1741899321
12120 1741899321
12120 1741899321
12120 1741899321
12120 1741899321
12120 1741899321
12120 1741899321
12120 1741899321
12120 1741899321
12120 1741899321
12120 1741899321
12120 1741899321
12120 1741899321
12140 1741899321
12120 1741899321
12120 1741899321
12120 1741899321
12120 1741899321
12120 1741899321
12140 1741899321
12120 1741899321
12120 1741899321
12120 1741899321
12120 1741899321
12120 1741899321
12120 1741899321
12120 1741899321
12140 1741899321
12120 1741899321
12120 1741899321
12120 1741899321
12120 1741899322
12120 1741899322
12140 1741899322
40106 1741899322
12140 1741899322
12120 1741899322
12120 1741899322
12120 1741899322
12120 1741899322
12140 1741899322
12120 1741899322
12120 1741899322
12120 1741899322
12140 1741899322
12120 1741899322
12120 1741899322
12120 1741899322
12120 1741899322
12120 1741899322
12140 1741899322
12140 1741899322
12120 1741899322
12120 1741899322
12120 1741899322
12120 1741899322
12120 1741899322
12120 1741899322
12120 1741899322
12120 1741899322
12120 1741899322
12140 1741899322
12140 1741899322
12120 1741899322
12120 1741899322
12120 1741899322
12120 1741899322
12120 1741899322
12140 1741899322
12140 1741899322
12140 1741899322
12120 1741899322
12120 1741899322
12140 1741899322
12120 1741899322
12140 1741899322
12120 1741899322
12120 1741899322
12120 1741899322
12140 1741899322
12120 1741899322
12120 1741899322
12120 1741899322
12120 1741899322
12120 1741899322
12120 1741899322
12120 1741899322
12120 1741899322
12120 1741899322
12120 1741899322
12120 1741899322
12120 1741899322
12120 1741899322
12120 1741899322
12120 1741899322
12140 1741899322
12140 1741899322
12120 1741899322
12140 1741899322
12120 1741899322
12120 1741899322
12120 1741899322
12120 1741899322
12120 1741899322
12120 1741899322
12120 1741899322
12140 1741899322
12120 1741899322
12120 1741899322
12120 1741899322
12140 1741899322
12140 1741899322
12120 1741899322
12120 1741899322
12120 1741899322
12120 1741899322
12120 1741899322
12120 1741899322
12120 1741899322
12120 1741899322
12120 1741899322
12120 1741899322
12120 1741899322
12120 1741899322
12120 1741899322
12120 1741899322
12120 1741899322
12120 1741899322
12120 1741899322
12120 1741899322
12120 1741899322
12120 1741899322
12120 1741899322
12120 1741899322
12120 1741899322
12120 1741899322
12120 1741899323
12120 1741899323
12120 1741899323
40104 1741899323
12120 1741899323
12120 1741899323
12140 1741899323
12120 1741899323
12120 1741899323
12140 1741899323
12120 1741899323
12120 1741899323
12120 1741899323
12120 1741899323
12120 1741899323
12120 1741899323
12120 1741899323
12140 1741899323
12120 1741899323
12120 1741899323
12120 1741899323
12120 1741899323
12120 1741899323
12120 1741899323
12140 1741899323
12120 1741899323
12120 1741899323
12120 1741899323
12120 1741899323
12120 1741899323
12120 1741899323
12120 1741899323
12140 1741899323
12120 1741899323
12120 1741899323
12120 1741899323
12120 1741899323
12120 1741899323
12120 1741899323
12120 1741899323
12120 1741899323
12120 1741899323
12120 1741899323
12120 1741899323
12120 1741899323
12120 1741899323
12120 1741899323
12120 1741899323
12120 1741899323
12120 1741899323
12120 1741899323
12140 1741899323
12120 1741899323
12120 1741899323
12120 1741899323
12120 1741899323
12120 1741899323
12120 1741899323
12120 1741899323
12120 1741899323
12140 1741899323
12120 1741899323
12120 1741899323
12120 1741899323
12120 1741899323
12120 1741899323
12120 1741899323
12120 1741899323
12140 1741899323
12120 1741899323
12120 1741899323
12120 1741899323
12120 1741899323
12120 1741899323
12120 1741899323
12120 1741899323
12140 1741899323
12120 1741899323
12140 1741899323
12120 1741899323
12120 1741899323
12120 1741899323
12140 1741899323
12120 1741899323
12120 1741899323
12140 1741899323
12120 1741899323
12120 1741899323
12120 1741899323
12120 1741899323
12120 1741899323
12120 1741899323
12120 1741899323
12140 1741899323
12120 1741899323
12140 1741899323
12120 1741899323
12120 1741899323
12120 1741899323
12120 1741899323
12120 1741899323
12120 1741899323
12120 1741899323
12140 1741899323
12120 1741899323
12120 1741899324
12140 1741899324
12120 1741899324
12120 1741899324
12120 1741899324
12120 1741899324
40107 1741899324
12120 1741899324
12140 1741899324
12120 1741899324
12120 1741899324
12140 1741899324
12120 1741899324
12120 1741899324
12120 1741899324
12140 1741899324
12140 1741899324
12120 1741899324
320 1741899324
20000 1741899324
12120 1741899324
12120 1741899324
12120 1741899324
12120 1741899324
12120 1741899324
12120 1741899324
12120 1741899324
12120 1741899324
12140 1741899324
12140 1741899324
12120 1741899324
320 1741899324
20000 1741899324
12120 1741899324
12140 1741899324
12140 1741899324
12120 1741899324
12120 1741899324
12140 1741899324
12120 1741899324
12120 1741899324
12120 1741899324
12120 1741899324
12140 1741899324
12120 1741899324
12120 1741899324
12120 1741899324
12120 1741899324
12140 1741899324
12120 1741899324
12120 1741899324
12120 1741899324
12140 1741899324
12120 1741899324
12120 1741899324
12140 1741899324
12140 1741899324
12120 1741899324
12120 1741899324
12120 1741899324
12120 1741899324
12120 1741899324
12120 1741899324
12120 1741899324
12120 1741899324
12140 1741899324
12120 1741899324
12140 1741899324
12120 1741899324
12120 1741899324
12120 1741899324
12140 1741899324
12140 1741899324
12120 1741899324
12140 1741899324
12140 1741899324
12140 1741899324
12120 1741899324
40070 1741899325
40000 1741899326
40000 1741899327
40000 1741899328
40000 1741899329
40000 1741899336
40000 1741899337
40000 1741899338
40000 1741899339
40000 1741899340
40000 1741899341
40000 1741899342
40000 1741899343
