40000 1743111600
40000 1743111601
1380 1743111601
20000 1743111601
10440 1743111601
20000 1743111601
340 1743111601
60 1743111601
1020 1743111601
80 1743111601
1000 1743111601
20000 1743111601
20000 1743111601
20000 1743111601
20000 1743111601
120 1743111601
1020 1743111601
20000 1743111601
20000 1743111601
360 1743111601
20000 1743111601
1360 1743111601
1040 1743111601
20000 1743111601
1020 1743111601
20000 1743111601
20000 1743111601
1040 1743111601
360 1743111601
9640 1743111601
1020 1743111601
20000 1743111601
200 1743111601
20000 1743111601
1040 1743111601
1020 1743111601
180 1743111601
20000 1743111601
20000 1743111601
360 1743111601
20000 1743111601
1020 1743111601
20000 1743111601
1000 1743111601
20000 1743111601
20000 1743111601
20000 1743111601
1420 1743111601
1040 1743111601
40 1743111601
80 1743111601
360 1743111601
360 1743111601
360 1743111601
15420 1743111601
20000 1743111601
3100 1743111601
200 1743111601
380 1743111601
20000 1743111601
20000 1743111601
1020 1743111601
380 1743111601
20000 1743111601
20000 1743111601
1040 1743111601
840 1743111601
20000 1743111601
6220 1743111601
360 1743111601
20000 1743111601
9440 1743111601
20000 1743111601
80 1743111601
3640 1743111601
1060 1743111601
120 1743111601
1000 1743111601
20000 1743111601
20000 1743111601
12960 1743111601
20000 1743111601
20000 1743111601
1040 1743111601
20000 1743111601
1040 1743111601
20000 1743111601
20000 1743111601
1020 1743111601
20000 1743111601
380 1743111601
20000 1743111601
20000 1743111601
380 1743111601
20000 1743111601
1020 1743111601
360 1743111601
20000 1743111601
20000 1743111601
80 1743111601
200 1743111601
20000 1743111601
40 1743111601
20000 1743111601
20000 1743111601
6240 1743111601
20000 1743111601
20000 1743111601
20000 1743111601
360 1743111601
20000 1743111601
20000 1743111601
20000 1743111601
20000 1743111601
380 1743111601
400 1743111601
9080 1743111601
20000 1743111601
20000 1743111601
20000 1743111601
20000 1743111601
20000 1743111601
20000 1743111601
20000 1743111601
20000 1743111601
180 1743111601
60 1743111601
1020 1743111601
360 1743111601
20000 1743111601
20000 1743111601
20000 1743111601
20000 1743111601
200 1743111601
20000 1743111601
20000 1743111601
360 1743111601
1020 1743111601
20000 1743111601
1020 1743111601
20000 1743111601
1020 1743111601
20000 1743111601
1000 1743111601
15460 1743111601
20000 1743111601
1360 1743111601
20000 1743111601
40 1743111601
20000 1743111601
180 1743111601
20000 1743111601
20000 1743111601
360 1743111601
20000 1743111601
1040 1743111601
20000 1743111601
20000 1743111601
20000 1743111601
20000 1743111601
180 1743111601
40 1743111601
20000 1743111601
15860 1743111601
1040 1743111601
60 1743111601
360 1743111601
2400 1743111601
8720 1743111601
20000 1743111601
1040 1743111601
20000 1743111601
1020 1743111601
20000 1743111601
1020 1743111601
20000 1743111601
60 1743111602
20000 1743111602
380 1743111602
20000 1743111602
40179 1743111602
380 1743111602
20000 1743111602
20000 1743111602
1020 1743111602
20000 1743111602
360 1743111602
80 1743111602
340 1743111602
20000 1743111602
120 1743111602
1020 1743111602
20000 1743111602
1040 1743111602
60 1743111602
1400 1743111602
20000 1743111602
980 1743111602
20000 1743111602
20000 1743111602
1020 1743111602
20000 1743111602
20000 1743111602
80 1743111602
1040 1743111602
360 1743111602
20000 1743111602
200 1743111602
20000 1743111602
200 1743111602
12340 1743111602
1020 1743111602
20000 1743111602
1040 1743111602
20000 1743111602
20000 1743111602
20000 1743111602
1020 1743111602
1020 1743111602
20000 1743111602
60 1743111602
120 1743111602
200 1743111602
60 1743111602
360 1743111602
20000 1743111602
20000 1743111602
20000 1743111602
20000 1743111602
20000 1743111602
1040 1743111602
20000 1743111602
20000 1743111602
40 1743111602
20000 1743111602
20000 1743111602
8620 1743111602
20000 1743111602
20000 1743111602
200 1743111602
60 1743111602
1040 1743111602
1020 1743111602
360 1743111602
20000 1743111602
1060 1743111602
20000 1743111602
20000 1743111602
360 1743111602
17100 1743111602
20000 1743111602
1020 1743111602
20000 1743111602
6740 1743111602
20000 1743111602
1020 1743111602
20000 1743111602
20000 1743111602
1020 1743111602
1380 1743111602
360 1743111602
20000 1743111602
20000 1743111602
20000 1743111602
20000 1743111602
200 1743111602
1040 1743111602
200 1743111602
1040 1743111602
20000 1743111602
20000 1743111602
360 1743111602
20000 1743111602
180 1743111602
1040 1743111602
20000 1743111602
20000 1743111602
20000 1743111602
20000 1743111602
1020 1743111602
20000 1743111602
1000 1743111602
20000 1743111602
20000 1743111602
1380 1743111602
120 1743111602
20000 1743111602
380 1743111602
20000 1743111602
20000 1743111602
20000 1743111602
20000 1743111602
20000 1743111602
20000 1743111602
20000 1743111602
1040 1743111602
20000 1743111602
20000 1743111602
20000 1743111602
80 1743111602
1400 1743111602
20000 1743111602
20000 1743111602
20000 1743111602
380 1743111602
20000 1743111602
20000 1743111602
1380 1743111602
380 1743111602
20000 1743111602
1020 1743111602
220 1743111602
20000 1743111602
1360 1743111602
20000 1743111602
360 1743111602
380 1743111602
20000 1743111602
60 1743111602
20000 1743111602
1020 1743111602
6520 1743111602
60 1743111602
20000 1743111602
1020 1743111602
20000 1743111602
1040 1743111602
1020 1743111602
20000 1743111602
20000 1743111602
1020 1743111602
80 1743111602
1020 1743111602
20000 1743111602
20000 1743111602
20000 1743111602
360 1743111602
20000 1743111602
360 1743111602
20000 1743111602
1020 1743111602
380 1743111602
20000 1743111602
360 1743111602
20000 1743111602
1000 1743111602
20000 1743111602
200 1743111602
20000 1743111602
20000 1743111602
360 1743111602
20000 1743111603
20000 1743111603
1060 1743111603
20000 1743111603
20000 1743111603
20000 1743111603
20000 1743111603
400 1743111603
20000 1743111603
20000 1743111603
1020 1743111603
20000 1743111603
100 1743111603
40183 1743111603
11280 1743111603
20000 1743111603
1020 1743111603
20000 1743111603
1040 1743111603
20000 1743111603
20000 1743111603
360 1743111603
20000 1743111603
40 1743111603
20000 1743111603
20000 1743111603
20000 1743111603
20000 1743111603
20000 1743111603
1020 1743111603
20000 1743111603
20000 1743111603
20000 1743111603
20000 1743111603
1400 1743111603
20000 1743111603
20000 1743111603
20000 1743111603
340 1743111603
340 1743111603
180 1743111603
13480 1743111603
20000 1743111603
360 1743111603
20000 1743111603
20000 1743111603
1040 1743111603
20000 1743111603
20000 1743111603
1020 1743111603
20000 1743111603
20000 1743111603
380 1743111603
20000 1743111603
360 1743111603
20000 1743111603
1040 1743111603
20000 1743111603
20000 1743111603
1060 1743111603
1020 1743111603
20000 1743111603
1040 1743111603
20000 1743111603
20000 1743111603
360 1743111603
400 1743111603
20000 1743111603
200 1743111603
20000 1743111603
20000 1743111603
1020 1743111603
20000 1743111603
20000 1743111603
20000 1743111603
1040 1743111603
20000 1743111603
20000 1743111603
340 1743111603
1040 1743111603
20000 1743111603
20000 1743111603
20000 1743111603
360 1743111603
20000 1743111603
20000 1743111603
1060 1743111603
20000 1743111603
20000 1743111603
200 1743111603
20000 1743111603
140 1743111603
60 1743111603
180 1743111603
20000 1743111603
1000 1743111603
20000 1743111603
20000 1743111603
1000 1743111603
340 1743111603
20000 1743111603
20000 1743111603
1020 1743111603
380 1743111603
200 1743111603
20000 1743111603
1020 1743111603
20000 1743111603
20000 1743111603
20000 1743111603
1020 1743111603
20000 1743111603
1040 1743111603
20000 1743111603
1000 1743111603
20000 1743111603
120 1743111603
20000 1743111603
20000 1743111603
1020 1743111603
360 1743111603
1020 1743111603
20000 1743111603
200 1743111603
20000 1743111603
20000 1743111603
1020 1743111603
20000 1743111603
1020 1743111603
20000 1743111603
60 1743111603
20000 1743111603
20000 1743111603
20000 1743111603
20000 1743111603
380 1743111603
20000 1743111603
1040 1743111603
20000 1743111603
1060 1743111603
1400 1743111603
20000 1743111603
20000 1743111603
20000 1743111603
1020 1743111603
20000 1743111603
20000 1743111603
1040 1743111603
20000 1743111603
200 1743111603
1040 1743111603
20000 1743111603
360 1743111603
20000 1743111603
20000 1743111603
1000 1743111603
20000 1743111603
20000 1743111603
20000 1743111603
1020 1743111603
20000 1743111603
1380 1743111603
20000 1743111603
1020 1743111603
20000 1743111603
20000 1743111603
1020 1743111603
20000 1743111603
360 1743111603
20000 1743111603
5520 1743111603
1000 1743111603
20000 1743111603
20000 1743111603
680 1743111603
120 1743111603
1020 1743111603
20000 1743111603
13440 1743111604
3900 1743111604
20000 1743111604
1360 1743111604
20000 1743111604
60 1743111604
20000 1743111604
360 1743111604
20000 1743111604
120 1743111604
200 1743111604
20000 1743111604
20000 1743111604
20000 1743111604
40178 1743111604
1040 1743111604
20000 1743111604
20000 1743111604
20000 1743111604
20000 1743111604
20000 1743111604
80 1743111604
14600 1743111604
20000 1743111604
380 1743111604
20000 1743111604
1040 1743111604
20000 1743111604
1020 1743111604
20000 1743111604
20000 1743111604
1020 1743111604
20000 1743111604
20000 1743111604
20000 1743111604
20000 1743111604
380 1743111604
1040 1743111604
20000 1743111604
180 1743111604
20000 1743111604
200 1743111604
20000 1743111604
180 1743111604
20000 1743111604
20000 1743111604
1020 1743111604
200 1743111604
20000 1743111604
140 1743111604
9300 1743111604
1020 1743111604
20000 1743111604
1000 1743111604
20000 1743111604
120 1743111604
20000 1743111604
1020 1743111604
360 1743111604
20000 1743111604
140 1743111604
1020 1743111604
20000 1743111604
1040 1743111604
20000 1743111604
20000 1743111604
20000 1743111604
340 1743111604
20000 1743111604
20000 1743111604
1040 1743111604
80 1743111604
20000 1743111604
20000 1743111604
360 1743111604
20000 1743111604
20000 1743111604
20000 1743111604
1020 1743111604
20000 1743111604
1020 1743111604
20000 1743111604
20000 1743111604
360 1743111604
9760 1743111604
20000 1743111604
20000 1743111604
1020 1743111604
20000 1743111604
1020 1743111604
1020 1743111604
20000 1743111604
20000 1743111604
1000 1743111604
360 1743111604
20000 1743111604
180 1743111604
20000 1743111604
60 1743111604
380 1743111604
20000 1743111604
20000 1743111604
120 1743111604
1020 1743111604
20000 1743111604
20000 1743111604
60 1743111604
20000 1743111604
200 1743111604
20000 1743111604
20000 1743111604
20000 1743111604
1020 1743111604
20000 1743111604
1040 1743111604
20000 1743111604
20000 1743111604
1020 1743111604
20000 1743111604
20000 1743111604
1020 1743111604
20000 1743111604
20000 1743111604
1020 1743111604
20000 1743111604
20000 1743111604
20000 1743111604
40 1743111604
20000 1743111604
20000 1743111604
1040 1743111604
20000 1743111604
20000 1743111604
20000 1743111604
1360 1743111604
180 1743111604
20000 1743111604
1040 1743111604
14640 1743111604
20000 1743111604
200 1743111604
20000 1743111604
40 1743111604
1060 1743111604
20000 1743111604
18500 1743111604
20000 1743111604
200 1743111604
20000 1743111604
1020 1743111604
8240 1743111604
20000 1743111604
20000 1743111604
40 1743111604
1020 1743111604
1380 1743111604
60 1743111604
360 1743111604
20000 1743111604
15940 1743111604
1380 1743111604
120 1743111604
20000 1743111604
100 1743111604
9560 1743111604
200 1743111604
20000 1743111604
120 1743111604
360 1743111604
20000 1743111604
1020 1743111604
20000 1743111604
20000 1743111604
1020 1743111604
20000 1743111604
1000 1743111604
220 1743111604
20000 1743111604
20000 1743111604
1040 1743111604
1020 1743111604
11900 1743111604
16560 1743111604
20000 1743111604
1020 1743111604
20000 1743111604
200 1743111604
20000 1743111604
1020 1743111604
20000 1743111604
11300 1743111604
20000 1743111604
20000 1743111604
40177 1743111605
1040 1743111605
20000 1743111605
1380 1743111605
20000 1743111605
200 1743111605
20000 1743111605
20000 1743111605
20000 1743111605
20000 1743111605
20000 1743111605
60 1743111605
13660 1743111605
200 1743111605
20000 1743111605
200 1743111605
20000 1743111605
200 1743111605
20000 1743111605
20000 1743111605
360 1743111605
20000 1743111605
1020 1743111605
20000 1743111605
200 1743111605
20000 1743111605
1060 1743111605
80 1743111605
20000 1743111605
980 1743111605
20000 1743111605
1020 1743111605
1020 1743111605
20000 1743111605
20000 1743111605
1020 1743111605
20000 1743111605
140 1743111605
80 1743111605
1020 1743111605
10940 1743111605
20000 1743111605
20000 1743111605
20000 1743111605
20000 1743111605
20000 1743111605
1020 1743111605
40 1743111605
20000 1743111605
20000 1743111605
20000 1743111605
1020 1743111605
20000 1743111605
1040 1743111605
20000 1743111605
340 1743111605
20000 1743111605
20000 1743111605
60 1743111605
20000 1743111605
200 1743111605
20000 1743111605
20000 1743111605
20000 1743111605
1020 1743111605
20000 1743111605
1020 1743111605
180 1743111605
20000 1743111605
1040 1743111605
20000 1743111605
20000 1743111605
360 1743111605
80 1743111605
9260 1743111605
1020 1743111605
20000 1743111605
80 1743111605
20000 1743111605
200 1743111605
20000 1743111605
20000 1743111605
20000 1743111605
360 1743111605
20000 1743111605
16660 1743111605
20000 1743111605
360 1743111605
60 1743111605
20000 1743111605
60 1743111605
20000 1743111605
20000 1743111605
20000 1743111605
360 1743111605
1040 1743111605
20000 1743111605
20000 1743111605
20000 1743111605
40 1743111605
1040 1743111605
20000 1743111605
200 1743111605
20000 1743111605
360 1743111605
20000 1743111605
20000 1743111605
1040 1743111605
20000 1743111605
40 1743111605
240 1743111605
1040 1743111605
20000 1743111605
20000 1743111605
140 1743111605
1020 1743111605
20000 1743111605
1380 1743111605
80 1743111605
1040 1743111605
20000 1743111605
120 1743111605
1380 1743111605
180 1743111605
1040 1743111605
20000 1743111605
20000 1743111605
1020 1743111605
1040 1743111605
380 1743111605
20000 1743111605
1020 1743111605
120 1743111605
20000 1743111605
60 1743111605
1020 1743111605
380 1743111605
1040 1743111605
1020 1743111605
20000 1743111605
1040 1743111605
20000 1743111605
1000 1743111605
20000 1743111605
100 1743111605
20000 1743111605
1020 1743111605
60 1743111605
20000 1743111605
200 1743111605
20000 1743111605
20000 1743111605
200 1743111605
20000 1743111605
120 1743111605
1020 1743111605
1200 1743111605
20000 1743111605
1040 1743111605
20000 1743111605
680 1743111605
20000 1743111605
1020 1743111605
20000 1743111605
360 1743111605
20000 1743111605
20000 1743111605
80 1743111605
1040 1743111605
20000 1743111605
1400 1743111605
20000 1743111605
360 1743111605
380 1743111605
20000 1743111605
20000 1743111605
1040 1743111605
20000 1743111605
1040 1743111605
20000 1743111605
80 1743111605
20000 1743111605
20000 1743111605
360 1743111606
20000 1743111606
20000 1743111606
20000 1743111606
1380 1743111606
20000 1743111606
20000 1743111606
120 1743111606
1040 1743111606
20000 1743111606
20000 1743111606
20000 1743111606
40194 1743111606
20000 1743111606
20000 1743111606
680 1743111606
200 1743111606
20000 1743111606
20000 1743111606
620 1743111606
120 1743111606
380 1743111606
20000 1743111606
20000 1743111606
20000 1743111606
60 1743111606
420 1743111606
20000 1743111606
1000 1743111606
20000 1743111606
40 1743111606
20000 1743111606
1040 1743111606
20000 1743111606
14180 1743111606
200 1743111606
1020 1743111606
20000 1743111606
20000 1743111606
20000 1743111606
1040 1743111606
20000 1743111606
1020 1743111606
20000 1743111606
20000 1743111606
1020 1743111606
20000 1743111606
80 1743111606
20000 1743111606
20000 1743111606
1020 1743111606
20000 1743111606
1020 1743111606
20000 1743111606
20000 1743111606
20000 1743111606
360 1743111606
20000 1743111606
20000 1743111606
40 1743111606
20000 1743111606
20000 1743111606
200 1743111606
1020 1743111606
20000 1743111606
20000 1743111606
360 1743111606
20000 1743111606
20000 1743111606
20000 1743111606
20000 1743111606
20000 1743111606
1040 1743111606
1040 1743111606
60 1743111606
60 1743111606
20000 1743111606
20000 1743111606
20000 1743111606
20000 1743111606
20000 1743111606
1380 1743111606
20000 1743111606
20000 1743111606
1020 1743111606
20000 1743111606
20000 1743111606
20000 1743111606
1040 1743111606
20000 1743111606
40 1743111606
20000 1743111606
20000 1743111606
1380 1743111606
180 1743111606
40 1743111606
360 1743111606
140 1743111606
80 1743111606
15260 1743111606
20000 1743111606
20000 1743111606
1380 1743111606
380 1743111606
10560 1743111606
20000 1743111606
1000 1743111606
20000 1743111606
1000 1743111606
1040 1743111606
20000 1743111606
340 1743111606
20000 1743111606
20000 1743111606
1020 1743111606
60 1743111606
1040 1743111606
20000 1743111606
20000 1743111606
60 1743111606
20000 1743111606
1000 1743111606
20000 1743111606
20000 1743111606
1020 1743111606
20000 1743111606
220 1743111606
60 1743111606
1020 1743111606
20000 1743111606
200 1743111606
20000 1743111606
20000 1743111606
1060 1743111606
20000 1743111606
80 1743111606
20000 1743111606
1020 1743111606
20000 1743111606
20000 1743111606
380 1743111606
20000 1743111606
20000 1743111606
20000 1743111606
20000 1743111606
40 1743111606
20000 1743111606
20000 1743111606
1040 1743111606
20000 1743111606
360 1743111606
20000 1743111606
1040 1743111606
20000 1743111606
20000 1743111606
80 1743111606
1040 1743111606
380 1743111606
20000 1743111606
20000 1743111606
380 1743111606
20000 1743111606
20000 1743111606
360 1743111606
20000 1743111606
1020 1743111606
20000 1743111606
1020 1743111606
40 1743111606
20000 1743111606
20000 1743111606
1400 1743111606
20000 1743111606
360 1743111606
20000 1743111606
20000 1743111606
20000 1743111606
120 1743111606
1020 1743111606
20000 1743111606
120 1743111606
8240 1743111606
20000 1743111606
120 1743111606
200 1743111606
120 1743111606
20000 1743111606
20000 1743111606
1020 1743111607
20000 1743111607
120 1743111607
40179 1743111607
200 1743111607
20000 1743111607
1020 1743111607
20000 1743111607
1380 1743111607
1060 1743111607
380 1743111607
140 1743111607
20000 1743111607
20000 1743111607
20000 1743111607
200 1743111607
120 1743111607
120 1743111607
1040 1743111607
20000 1743111607
1040 1743111607
20000 1743111607
1400 1743111607
20000 1743111607
1360 1743111607
20000 1743111607
20000 1743111607
80 1743111607
60 1743111607
20000 1743111607
60 1743111607
20000 1743111607
1040 1743111607
20000 1743111607
20000 1743111607
200 1743111607
1040 1743111607
11880 1743111607
20000 1743111607
200 1743111607
200 1743111607
20000 1743111607
20000 1743111607
20000 1743111607
20000 1743111607
1020 1743111607
20000 1743111607
380 1743111607
20000 1743111607
20000 1743111607
360 1743111607
1040 1743111607
20000 1743111607
20000 1743111607
20000 1743111607
1360 1743111607
40 1743111607
1020 1743111607
20000 1743111607
1020 1743111607
20000 1743111607
20000 1743111607
20000 1743111607
60 1743111607
1380 1743111607
380 1743111607
20000 1743111607
20000 1743111607
20000 1743111607
20000 1743111607
1020 1743111607
20000 1743111607
20000 1743111607
380 1743111607
20000 1743111607
20000 1743111607
1020 1743111607
1040 1743111607
20000 1743111607
1020 1743111607
20000 1743111607
40 1743111607
20000 1743111607
20000 1743111607
1020 1743111607
20000 1743111607
40 1743111607
360 1743111607
20000 1743111607
20000 1743111607
200 1743111607
20000 1743111607
20000 1743111607
20000 1743111607
180 1743111607
20000 1743111607
14620 1743111607
20000 1743111607
20000 1743111607
20000 1743111607
1020 1743111607
20000 1743111607
20000 1743111607
1040 1743111607
20000 1743111607
20000 1743111607
380 1743111607
20000 1743111607
19540 1743111607
60 1743111607
16320 1743111607
60 1743111607
20000 1743111607
180 1743111607
20000 1743111607
1020 1743111607
20000 1743111607
1020 1743111607
20000 1743111607
20000 1743111607
1020 1743111607
20000 1743111607
20000 1743111607
20000 1743111607
380 1743111607
120 1743111607
20000 1743111607
360 1743111607
1020 1743111607
20000 1743111607
14200 1743111607
1020 1743111607
20000 1743111607
20000 1743111607
20000 1743111607
80 1743111607
1040 1743111607
400 1743111607
80 1743111607
1020 1743111607
20000 1743111607
1020 1743111607
20000 1743111607
1040 1743111607
20000 1743111607
60 1743111607
180 1743111607
20000 1743111607
20000 1743111607
20000 1743111607
20000 1743111607
20000 1743111607
1020 1743111607
20000 1743111607
1020 1743111607
1900 1743111607
20000 1743111607
200 1743111607
180 1743111607
80 1743111607
180 1743111607
20000 1743111607
1040 1743111607
20000 1743111607
1020 1743111607
20000 1743111607
1020 1743111607
20000 1743111607
20000 1743111607
20000 1743111607
60 1743111607
40 1743111607
20000 1743111607
80 1743111607
20000 1743111607
1000 1743111607
1020 1743111607
20000 1743111607
20000 1743111607
1040 1743111607
20000 1743111607
1040 1743111607
20000 1743111607
80 1743111607
1060 1743111607
20000 1743111607
1020 1743111607
20000 1743111607
360 1743111607
20000 1743111607
20000 1743111607
1040 1743111607
20000 1743111608
20000 1743111608
20000 1743111608
40190 1743111608
9440 1743111608
20000 1743111608
380 1743111608
20000 1743111608
20000 1743111608
20000 1743111608
20000 1743111608
60 1743111608
20000 1743111608
1220 1743111608
20000 1743111608
140 1743111608
1000 1743111608
20000 1743111608
1380 1743111608
20000 1743111608
380 1743111608
20000 1743111608
200 1743111608
20000 1743111608
40 1743111608
20000 1743111608
120 1743111608
1400 1743111608
20000 1743111608
20000 1743111608
20000 1743111608
1040 1743111608
20000 1743111608
20000 1743111608
360 1743111608
5520 1743111608
20000 1743111608
1040 1743111608
20000 1743111608
1040 1743111608
20000 1743111608
1000 1743111608
20000 1743111608
1400 1743111608
20000 1743111608
60 1743111608
20000 1743111608
20000 1743111608
1380 1743111608
20000 1743111608
1020 1743111608
20000 1743111608
120 1743111608
1040 1743111608
20000 1743111608
1060 1743111608
20000 1743111608
20000 1743111608
200 1743111608
340 1743111608
20000 1743111608
60 1743111608
360 1743111608
20000 1743111608
20000 1743111608
1040 1743111608
20000 1743111608
20000 1743111608
340 1743111608
20000 1743111608
60 1743111608
20000 1743111608
60 1743111608
20000 1743111608
60 1743111608
180 1743111608
20000 1743111608
20000 1743111608
20000 1743111608
20000 1743111608
20000 1743111608
1020 1743111608
200 1743111608
20000 1743111608
40 1743111608
60 1743111608
20000 1743111608
40 1743111608
140 1743111608
20000 1743111608
20000 1743111608
1020 1743111608
20000 1743111608
1040 1743111608
20000 1743111608
360 1743111608
60 1743111608
20000 1743111608
240 1743111608
2640 1743111608
120 1743111608
20000 1743111608
20000 1743111608
1040 1743111608
20000 1743111608
20000 1743111608
20000 1743111608
20000 1743111608
20000 1743111608
1040 1743111608
20000 1743111608
1060 1743111608
16400 1743111608
20000 1743111608
1000 1743111608
20000 1743111608
20000 1743111608
360 1743111608
1040 1743111608
20000 1743111608
20000 1743111608
1020 1743111608
20000 1743111608
200 1743111608
20000 1743111608
20000 1743111608
20000 1743111608
20000 1743111608
1020 1743111608
1040 1743111608
20000 1743111608
20000 1743111608
80 1743111608
4580 1743111608
20000 1743111608
100 1743111608
20000 1743111608
1020 1743111608
1000 1743111608
20000 1743111608
60 1743111608
20000 1743111608
1000 1743111608
1040 1743111608
20000 1743111608
360 1743111608
20000 1743111608
20000 1743111608
20000 1743111608
360 1743111608
20000 1743111608
1020 1743111608
380 1743111608
20000 1743111608
1020 1743111608
20000 1743111608
1040 1743111608
20000 1743111608
20000 1743111608
1020 1743111608
20000 1743111608
1040 1743111608
1020 1743111608
120 1743111608
1040 1743111608
20000 1743111608
100 1743111608
1020 1743111608
1040 1743111608
20000 1743111608
20000 1743111608
340 1743111608
20000 1743111608
20000 1743111608
1020 1743111608
20000 1743111608
20000 1743111608
20000 1743111608
20000 1743111609
200 1743111609
20000 1743111609
380 1743111609
20000 1743111609
360 1743111609
20000 1743111609
20000 1743111609
20000 1743111609
20000 1743111609
20000 1743111609
1360 1743111609
20000 1743111609
1020 1743111609
20000 1743111609
20000 1743111609
120 1743111609
360 1743111609
20000 1743111609
20000 1743111609
40194 1743111609
200 1743111609
120 1743111609
1400 1743111609
20000 1743111609
20000 1743111609
20000 1743111609
120 1743111609
1360 1743111609
20000 1743111609
20000 1743111609
20000 1743111609
360 1743111609
20000 1743111609
20000 1743111609
15160 1743111609
20000 1743111609
1020 1743111609
20000 1743111609
1020 1743111609
80 1743111609
20000 1743111609
180 1743111609
20000 1743111609
60 1743111609
1020 1743111609
20000 1743111609
20000 1743111609
1380 1743111609
20000 1743111609
1360 1743111609
180 1743111609
20000 1743111609
1220 1743111609
20000 1743111609
1040 1743111609
12840 1743111609
20000 1743111609
40 1743111609
1020 1743111609
20000 1743111609
40 1743111609
20000 1743111609
20000 1743111609
20000 1743111609
1040 1743111609
20000 1743111609
120 1743111609
360 1743111609
20000 1743111609
1000 1743111609
20000 1743111609
20000 1743111609
1000 1743111609
20000 1743111609
20000 1743111609
360 1743111609
20000 1743111609
360 1743111609
1040 1743111609
20000 1743111609
60 1743111609
20000 1743111609
20000 1743111609
20000 1743111609
20000 1743111609
100 1743111609
20000 1743111609
20000 1743111609
1040 1743111609
20000 1743111609
20000 1743111609
1000 1743111609
20000 1743111609
120 1743111609
360 1743111609
20000 1743111609
20000 1743111609
1020 1743111609
20000 1743111609
120 1743111609
1040 1743111609
20000 1743111609
380 1743111609
20000 1743111609
20000 1743111609
20000 1743111609
1000 1743111609
20000 1743111609
200 1743111609
20000 1743111609
20000 1743111609
1020 1743111609
20000 1743111609
180 1743111609
20000 1743111609
12440 1743111609
1040 1743111609
20000 1743111609
20000 1743111609
9780 1743111609
20000 1743111609
20000 1743111609
360 1743111609
20000 1743111609
1020 1743111609
200 1743111609
20000 1743111609
40 1743111609
4060 1743111609
20000 1743111609
200 1743111609
20000 1743111609
20000 1743111609
1000 1743111609
60 1743111609
20000 1743111609
1020 1743111609
20000 1743111609
17320 1743111609
340 1743111609
20000 1743111609
180 1743111609
20000 1743111609
340 1743111609
20000 1743111609
380 1743111609
20000 1743111609
20000 1743111609
1040 1743111609
120 1743111609
1400 1743111609
20000 1743111609
5120 1743111609
9640 1743111609
20000 1743111609
20000 1743111609
380 1743111609
20000 1743111609
140 1743111609
1040 1743111609
20000 1743111609
60 1743111609
20000 1743111609
380 1743111609
20000 1743111609
200 1743111609
360 1743111609
20000 1743111609
20000 1743111609
20000 1743111609
60 1743111609
200 1743111609
20000 1743111609
1040 1743111609
40 1743111609
380 1743111609
20000 1743111609
20000 1743111609
1020 1743111609
20000 1743111609
20000 1743111609
1040 1743111609
20000 1743111609
20000 1743111609
220 1743111609
1020 1743111610
1020 1743111610
20000 1743111610
360 1743111610
20000 1743111610
380 1743111610
80 1743111610
20000 1743111610
20000 1743111610
40174 1743111610
20000 1743111610
20000 1743111610
1020 1743111610
40 1743111610
120 1743111610
1020 1743111610
360 1743111610
1040 1743111610
120 1743111610
1020 1743111610
1040 1743111610
20000 1743111610
1020 1743111610
20000 1743111610
1380 1743111610
20000 1743111610
80 1743111610
20000 1743111610
60 1743111610
20000 1743111610
340 1743111610
20000 1743111610
20000 1743111610
340 1743111610
20000 1743111610
200 1743111610
14580 1743111610
20000 1743111610
200 1743111610
20000 1743111610
20000 1743111610
1040 1743111610
20000 1743111610
20000 1743111610
1020 1743111610
120 1743111610
7420 1743111610
20000 1743111610
60 1743111610
60 1743111610
360 1743111610
20000 1743111610
20000 1743111610
1020 1743111610
20000 1743111610
20000 1743111610
360 1743111610
1020 1743111610
20000 1743111610
1000 1743111610
20000 1743111610
20000 1743111610
1040 1743111610
80 1743111610
20000 1743111610
1060 1743111610
20000 1743111610
180 1743111610
1020 1743111610
1020 1743111610
20000 1743111610
1380 1743111610
20000 1743111610
20000 1743111610
20000 1743111610
60 1743111610
1020 1743111610
360 1743111610
20000 1743111610
40 1743111610
20000 1743111610
1380 1743111610
220 1743111610
1380 1743111610
1040 1743111610
20000 1743111610
20000 1743111610
1040 1743111610
200 1743111610
380 1743111610
20000 1743111610
340 1743111610
20000 1743111610
1360 1743111610
1360 1743111610
20000 1743111610
1400 1743111610
20000 1743111610
20000 1743111610
10060 1743111610
20000 1743111610
60 1743111610
1060 1743111610
20000 1743111610
9580 1743111610
20000 1743111610
1000 1743111610
200 1743111610
20000 1743111610
20000 1743111610
360 1743111610
20000 1743111610
20000 1743111610
20000 1743111610
120 1743111610
360 1743111610
20000 1743111610
1040 1743111610
20000 1743111610
20000 1743111610
20000 1743111610
20000 1743111610
180 1743111610
20000 1743111610
360 1743111610
20000 1743111610
380 1743111610
340 1743111610
20000 1743111610
1040 1743111610
1020 1743111610
20000 1743111610
120 1743111610
20000 1743111610
1040 1743111610
20000 1743111610
1040 1743111610
20000 1743111610
200 1743111610
20000 1743111610
1020 1743111610
380 1743111610
20000 1743111610
20000 1743111610
60 1743111610
20000 1743111610
20000 1743111610
20000 1743111610
20000 1743111610
1040 1743111610
1020 1743111610
20000 1743111610
1020 1743111610
20000 1743111610
20000 1743111610
20000 1743111610
180 1743111610
1040 1743111610
20000 1743111610
5420 1743111610
120 1743111610
1000 1743111610
20000 1743111610
380 1743111610
20000 1743111610
200 1743111610
20000 1743111610
120 1743111610
1040 1743111610
140 1743111610
360 1743111610
20000 1743111610
20000 1743111610
380 1743111610
20000 1743111610
60 1743111610
20000 1743111610
200 1743111610
20000 1743111610
40 1743111610
20000 1743111610
60 1743111610
20000 1743111610
80 1743111610
20000 1743111610
20000 1743111610
40 1743111611
1200 1743111611
20000 1743111611
8420 1743111611
20000 1743111611
20000 1743111611
11960 1743111611
340 1743111611
60 1743111611
1000 1743111611
20000 1743111611
20000 1743111611
200 1743111611
20000 1743111611
20000 1743111611
120 1743111611
1060 1743111611
20000 1743111611
40194 1743111611
1020 1743111611
1020 1743111611
20000 1743111611
20000 1743111611
360 1743111611
20000 1743111611
20000 1743111611
80 1743111611
20000 1743111611
360 1743111611
60 1743111611
13460 1743111611
1040 1743111611
120 1743111611
380 1743111611
20000 1743111611
20000 1743111611
1000 1743111611
20000 1743111611
20000 1743111611
1020 1743111611
1000 1743111611
120 1743111611
360 1743111611
20000 1743111611
1040 1743111611
60 1743111611
20000 1743111611
20000 1743111611
60 1743111611
10120 1743111611
20000 1743111611
20000 1743111611
400 1743111611
20000 1743111611
1020 1743111611
20000 1743111611
1040 1743111611
20000 1743111611
20000 1743111611
20000 1743111611
20000 1743111611
200 1743111611
16000 1743111611
20000 1743111611
200 1743111611
1020 1743111611
40 1743111611
20000 1743111611
20000 1743111611
1020 1743111611
20000 1743111611
20000 1743111611
200 1743111611
20000 1743111611
200 1743111611
20000 1743111611
20000 1743111611
20000 1743111611
1020 1743111611
20000 1743111611
200 1743111611
20000 1743111611
20000 1743111611
20000 1743111611
120 1743111611
1020 1743111611
20000 1743111611
360 1743111611
20000 1743111611
6700 1743111611
20000 1743111611
380 1743111611
20000 1743111611
1020 1743111611
1820 1743111611
20000 1743111611
120 1743111611
1040 1743111611
20000 1743111611
20000 1743111611
180 1743111611
20000 1743111611
200 1743111611
20000 1743111611
20000 1743111611
20000 1743111611
1060 1743111611
20000 1743111611
20000 1743111611
400 1743111611
20000 1743111611
120 1743111611
1020 1743111611
20000 1743111611
20000 1743111611
360 1743111611
20000 1743111611
20000 1743111611
200 1743111611
20000 1743111611
1380 1743111611
20000 1743111611
20000 1743111611
20000 1743111611
20000 1743111611
120 1743111611
12480 1743111611
20000 1743111611
200 1743111611
20000 1743111611
360 1743111611
20000 1743111611
20000 1743111611
1040 1743111611
1020 1743111611
20000 1743111611
20000 1743111611
20000 1743111611
20000 1743111611
20000 1743111611
20000 1743111611
1040 1743111611
20000 1743111611
340 1743111611
20000 1743111611
1040 1743111611
1060 1743111611
20000 1743111611
20000 1743111611
20000 1743111611
60 1743111611
360 1743111611
20000 1743111611
200 1743111611
9000 1743111611
20000 1743111611
10700 1743111611
20000 1743111611
20000 1743111611
1040 1743111611
20000 1743111611
40 1743111611
20000 1743111611
1840 1743111611
20000 1743111611
20000 1743111611
1020 1743111611
20000 1743111611
20000 1743111611
20000 1743111611
200 1743111611
20000 1743111611
1040 1743111611
1040 1743111611
1380 1743111611
20000 1743111611
20000 1743111611
14740 1743111611
20000 1743111611
1020 1743111611
20000 1743111611
20000 1743111611
80 1743111611
20000 1743111611
380 1743111611
20000 1743111611
20000 1743111611
380 1743111611
60 1743111611
20000 1743111611
20000 1743111611
20000 1743111611
20000 1743111611
1020 1743111611
40176 1743111612
20000 1743111612
20000 1743111612
340 1743111612
80 1743111612
200 1743111612
20000 1743111612
200 1743111612
20000 1743111612
40 1743111612
40 1743111612
20000 1743111612
1040 1743111612
20000 1743111612
20000 1743111612
1020 1743111612
20000 1743111612
1040 1743111612
20000 1743111612
1020 1743111612
20000 1743111612
200 1743111612
20000 1743111612
360 1743111612
20000 1743111612
380 1743111612
20000 1743111612
60 1743111612
20000 1743111612
20000 1743111612
80 1743111612
20000 1743111612
1020 1743111612
20000 1743111612
360 1743111612
20000 1743111612
20000 1743111612
1040 1743111612
120 1743111612
20000 1743111612
40038 1743111613
40000 1743111614
