40000 1743111738
40000 1743111739
20000 1743111739
20000 1743111739
20000 1743111739
20000 1743111739
20000 1743111739
20000 1743111739
20000 1743111739
20000 1743111739
20000 1743111739
20000 1743111739
20000 1743111739
20000 1743111739
20000 1743111739
80 1743111739
20000 1743111739
20000 1743111739
20000 1743111739
20000 1743111739
20000 1743111739
20000 1743111739
20000 1743111739
20000 1743111739
20000 1743111739
20000 1743111739
20000 1743111739
20000 1743111739
40 1743111739
20000 1743111739
20000 1743111739
20000 1743111739
20000 1743111739
20000 1743111739
20000 1743111739
20000 1743111739
20000 1743111739
20000 1743111739
20000 1743111739
20000 1743111739
19760 1743111740
20000 1743111740
20000 1743111740
20000 1743111740
20000 1743111740
20000 1743111740
20000 1743111740
20000 1743111740
20000 1743111740
20000 1743111740
20000 1743111740
20000 1743111740
20000 1743111740
20000 1743111740
20000 1743111740
20000 1743111740
20000 1743111740
20000 1743111740
20000 1743111740
20000 1743111740
20000 1743111740
20000 1743111740
20000 1743111740
20000 1743111740
20000 1743111740
20000 1743111740
20000 1743111740
20000 1743111740
20000 1743111740
20000 1743111740
20000 1743111740
20000 1743111740
20000 1743111740
20000 1743111740
20000 1743111740
20000 1743111740
40075 1743111740
20000 1743111740
20000 1743111740
20000 1743111740
20000 1743111740
20000 1743111740
20000 1743111740
20000 1743111740
20000 1743111740
20000 1743111740
20000 1743111740
20000 1743111740
20000 1743111740
20000 1743111740
20000 1743111740
20000 1743111740
20000 1743111740
20000 1743111740
20000 1743111740
20000 1743111740
20000 1743111741
20000 1743111741
20000 1743111741
20000 1743111741
20000 1743111741
20000 1743111741
20000 1743111741
20000 1743111741
20000 1743111741
20000 1743111741
20000 1743111741
20000 1743111741
20000 1743111741
20000 1743111741
20000 1743111741
20000 1743111741
20000 1743111741
20000 1743111741
20000 1743111741
20000 1743111741
20000 1743111741
20000 1743111741
20000 1743111741
20000 1743111741
20000 1743111741
20000 1743111741
20000 1743111741
20000 1743111741
20000 1743111741
20000 1743111741
20000 1743111741
20000 1743111741
20000 1743111741
20000 1743111741
20000 1743111741
40053 1743111741
20000 1743111741
20000 1743111741
20000 1743111741
20000 1743111741
20000 1743111741
20000 1743111741
20000 1743111741
20000 1743111741
20000 1743111741
20000 1743111742
20000 1743111742
20000 1743111742
20000 1743111742
20000 1743111742
20000 1743111742
20000 1743111742
20000 1743111742
20000 1743111742
20000 1743111742
20000 1743111742
20000 1743111742
20000 1743111742
20000 1743111742
20000 1743111742
20000 1743111742
20000 1743111742
20000 1743111742
20000 1743111742
20000 1743111742
20000 1743111742
20000 1743111742
20000 1743111742
20000 1743111742
20000 1743111742
20000 1743111742
20000 1743111742
20000 1743111742
20000 1743111742
20000 1743111742
20000 1743111742
40041 1743111742
20000 1743111742
20000 1743111742
20000 1743111742
20000 1743111742
20000 1743111742
20000 1743111742
20000 1743111742
20000 1743111742
20000 1743111742
20000 1743111742
20000 1743111742
20000 1743111742
20000 1743111742
20000 1743111742
20000 1743111742
20000 1743111742
20000 1743111742
20000 1743111742
20000 1743111743
20000 1743111743
20000 1743111743
20000 1743111743
20000 1743111743
20000 1743111743
20000 1743111743
20000 1743111743
20000 1743111743
20000 1743111743
20000 1743111743
20000 1743111743
20000 1743111743
20000 1743111743
20000 1743111743
20000 1743111743
20000 1743111743
20000 1743111743
20000 1743111743
20000 1743111743
20000 1743111743
20000 1743111743
20000 1743111743
20000 1743111743
20000 1743111743
20000 1743111743
20000 1743111743
20000 1743111743
20000 1743111743
20000 1743111743
20000 1743111743
20000 1743111743
20000 1743111743
20000 1743111743
20000 1743111743
20000 1743111743
20000 1743111743
20000 1743111743
20000 1743111743
40057 1743111743
20000 1743111743
20000 1743111743
20000 1743111743
20000 1743111743
20000 1743111743
20000 1743111743
20000 1743111743
20000 1743111743
20000 1743111743
20000 1743111743
20000 1743111743
20000 1743111743
20000 1743111743
20000 1743111743
20000 1743111743
20000 1743111743
20000 1743111743
20000 1743111743
20000 1743111743
20000 1743111743
20000 1743111743
20000 1743111743
20000 1743111743
20000 1743111744
20000 1743111744
20000 1743111744
20000 1743111744
20000 1743111744
20000 1743111744
20000 1743111744
20000 1743111744
20000 1743111744
20000 1743111744
20000 1743111744
20000 1743111744
20000 1743111744
20000 1743111744
20000 1743111744
20000 1743111744
20000 1743111744
20000 1743111744
20000 1743111744
20000 1743111744
20000 1743111744
20000 1743111744
20000 1743111744
20000 1743111744
20000 1743111744
20000 1743111744
20000 1743111744
40049 1743111744
20000 1743111744
20000 1743111744
20000 1743111744
20000 1743111744
20000 1743111744
20000 1743111744
20000 1743111744
20000 1743111744
20000 1743111744
20000 1743111744
20000 1743111744
20000 1743111744
20000 1743111744
20000 1743111744
20000 1743111744
20000 1743111744
20000 1743111744
20000 1743111745
20000 1743111745
20000 1743111745
20000 1743111745
20000 1743111745
20000 1743111745
20000 1743111745
20000 1743111745
20000 1743111745
20000 1743111745
20000 1743111745
20000 1743111745
20000 1743111745
20000 1743111745
20000 1743111745
20000 1743111745
20000 1743111745
20000 1743111745
20000 1743111745
20000 1743111745
20000 1743111745
20000 1743111745
20000 1743111745
20000 1743111745
20000 1743111745
20000 1743111745
20000 1743111745
20000 1743111745
20000 1743111745
20000 1743111745
20000 1743111745
20000 1743111745
20000 1743111745
20000 1743111745
20000 1743111745
20000 1743111745
20000 1743111745
40054 1743111745
20000 1743111745
20000 1743111745
20000 1743111745
20000 1743111745
20000 1743111745
20000 1743111745
20000 1743111745
20000 1743111745
20000 1743111745
20000 1743111745
20000 1743111745
20000 1743111745
20000 1743111745
40 1743111745
20000 1743111745
20000 1743111745
20000 1743111745
20000 1743111745
20000 1743111745
20000 1743111745
20000 1743111745
20000 1743111746
20000 1743111746
20000 1743111746
20000 1743111746
20000 1743111746
20000 1743111746
20000 1743111746
20000 1743111746
20000 1743111746
20000 1743111746
20000 1743111746
20000 1743111746
20000 1743111746
20000 1743111746
20000 1743111746
20000 1743111746
20000 1743111746
20000 1743111746
20000 1743111746
20000 1743111746
20000 1743111746
20000 1743111746
20000 1743111746
20000 1743111746
20000 1743111746
20000 1743111746
20000 1743111746
20000 1743111746
20000 1743111746
20000 1743111746
20000 1743111746
20000 1743111746
20000 1743111746
20000 1743111746
20000 1743111746
20000 1743111746
40058 1743111746
20000 1743111746
20000 1743111746
20000 1743111746
20000 1743111746
20000 1743111746
20000 1743111746
20000 1743111746
20000 1743111746
20000 1743111746
20000 1743111746
20000 1743111746
40 1743111746
20000 1743111746
20000 1743111746
20000 1743111746
20000 1743111746
20000 1743111746
20000 1743111746
20000 1743111746
20000 1743111746
20000 1743111746
20000 1743111746
20000 1743111746
20000 1743111747
20000 1743111747
20000 1743111747
20000 1743111747
20000 1743111747
20000 1743111747
20000 1743111747
20000 1743111747
20000 1743111747
20000 1743111747
20000 1743111747
20000 1743111747
20000 1743111747
20000 1743111747
20000 1743111747
20000 1743111747
20000 1743111747
20000 1743111747
20000 1743111747
20000 1743111747
20000 1743111747
20000 1743111747
20000 1743111747
20000 1743111747
20000 1743111747
20000 1743111747
20000 1743111747
20000 1743111747
20000 1743111747
20000 1743111747
20000 1743111747
20000 1743111747
20000 1743111747
40056 1743111747
20000 1743111747
20000 1743111747
20000 1743111747
20000 1743111747
20000 1743111747
20000 1743111747
20000 1743111747
20000 1743111747
20000 1743111747
20000 1743111747
20000 1743111747
20000 1743111747
20000 1743111747
20000 1743111747
20000 1743111747
20000 1743111747
20000 1743111747
20000 1743111748
20000 1743111748
20000 1743111748
20000 1743111748
20000 1743111748
20000 1743111748
20000 1743111748
20000 1743111748
20000 1743111748
20000 1743111748
20000 1743111748
20000 1743111748
20000 1743111748
20000 1743111748
20000 1743111748
20000 1743111748
20000 1743111748
20000 1743111748
20000 1743111748
20000 1743111748
20000 1743111748
20000 1743111748
20000 1743111748
20000 1743111748
20000 1743111748
20000 1743111748
20000 1743111748
20000 1743111748
20000 1743111748
20000 1743111748
20000 1743111748
20000 1743111748
20000 1743111748
40050 1743111748
20000 1743111748
20000 1743111748
20000 1743111748
20000 1743111748
20000 1743111748
20000 1743111748
20000 1743111748
20000 1743111748
20000 1743111748
20000 1743111748
20000 1743111748
20000 1743111748
20000 1743111748
20000 1743111748
20000 1743111748
20000 1743111748
20000 1743111748
20000 1743111748
20000 1743111748
20000 1743111748
20000 1743111749
20000 1743111749
20000 1743111749
20000 1743111749
20000 1743111749
20000 1743111749
20000 1743111749
20000 1743111749
20000 1743111749
20000 1743111749
20000 1743111749
20000 1743111749
20000 1743111749
20000 1743111749
20000 1743111749
20000 1743111749
20000 1743111749
20000 1743111749
20000 1743111749
20000 1743111749
20000 1743111749
20000 1743111749
20000 1743111749
20000 1743111749
20000 1743111749
20000 1743111749
20000 1743111749
60 1743111749
20000 1743111749
20000 1743111749
20000 1743111749
20000 1743111749
20000 1743111749
20000 1743111749
20000 1743111749
20000 1743111749
20000 1743111749
20000 1743111749
20000 1743111749
20000 1743111749
20000 1743111749
20000 1743111749
20000 1743111749
20000 1743111749
20000 1743111749
20000 1743111749
20000 1743111749
40066 1743111749
20000 1743111749
20000 1743111749
20000 1743111749
20000 1743111749
20000 1743111749
20000 1743111749
20000 1743111749
20000 1743111749
20000 1743111749
20000 1743111749
20000 1743111749
20000 1743111749
20000 1743111749
20000 1743111749
20000 1743111749
20000 1743111749
20000 1743111750
20000 1743111750
20000 1743111750
20000 1743111750
20000 1743111750
20000 1743111750
20000 1743111750
20000 1743111750
20000 1743111750
20000 1743111750
20000 1743111750
20000 1743111750
20000 1743111750
20000 1743111750
20000 1743111750
20000 1743111750
20000 1743111750
20000 1743111750
20000 1743111750
20000 1743111750
20000 1743111750
20000 1743111750
20000 1743111750
20000 1743111750
20000 1743111750
20000 1743111750
20000 1743111750
20000 1743111750
20000 1743111750
20000 1743111750
20000 1743111750
20000 1743111750
20000 1743111750
20000 1743111750
20000 1743111750
20000 1743111750
40052 1743111750
20000 1743111750
20000 1743111750
2540 1743111750
20000 1743111750
20000 1743111750
20000 1743111750
20000 1743111750
20000 1743111750
20000 1743111750
20000 1743111750
20000 1743111750
20000 1743111750
20000 1743111750
20000 1743111750
20000 1743111750
20000 1743111750
20000 1743111750
20000 1743111750
20000 1743111750
20000 1743111750
20000 1743111751
20000 1743111751
20000 1743111751
20000 1743111751
20000 1743111751
20000 1743111751
20000 1743111751
20000 1743111751
20000 1743111751
20000 1743111751
20000 1743111751
20000 1743111751
20000 1743111751
20000 1743111751
20000 1743111751
20000 1743111751
20000 1743111751
20000 1743111751
20000 1743111751
20000 1743111751
20000 1743111751
20000 1743111751
20000 1743111751
20000 1743111751
20000 1743111751
20000 1743111751
20000 1743111751
20000 1743111751
20000 1743111751
20000 1743111751
20000 1743111751
20000 1743111751
20000 1743111751
20000 1743111751
20000 1743111751
20000 1743111751
20000 1743111751
20000 1743111751
20000 1743111751
20000 1743111751
20000 1743111751
20000 1743111751
20000 1743111751
20000 1743111751
20000 1743111751
20000 1743111751
40066 1743111751
20000 1743111751
20000 1743111751
20000 1743111751
20000 1743111751
20000 1743111751
20000 1743111751
20000 1743111751
20000 1743111751
20000 1743111751
20000 1743111751
20000 1743111751
20000 1743111751
20000 1743111751
20000 1743111751
20000 1743111751
20000 1743111751
20000 1743111751
20000 1743111751
20000 1743111751
20000 1743111751
20000 1743111751
20000 1743111751
20000 1743111751
20000 1743111751
20000 1743111751
20000 1743111751
20000 1743111752
20000 1743111752
20000 1743111752
20000 1743111752
20000 1743111752
20000 1743111752
20000 1743111752
20000 1743111752
20000 1743111752
20000 1743111752
20000 1743111752
20000 1743111752
20000 1743111752
20000 1743111752
20000 1743111752
20000 1743111752
20000 1743111752
20000 1743111752
20000 1743111752
20000 1743111752
20000 1743111752
20000 1743111752
20000 1743111752
20000 1743111752
20000 1743111752
20000 1743111752
40053 1743111752
20000 1743111752
20000 1743111752
20000 1743111752
20000 1743111752
20000 1743111752
20000 1743111752
20000 1743111752
20000 1743111752
20000 1743111752
20000 1743111752
20000 1743111752
20000 1743111752
20000 1743111752
20000 1743111752
20000 1743111752
20000 1743111752
20000 1743111752
20000 1743111752
20000 1743111752
20000 1743111752
20000 1743111752
20000 1743111752
20000 1743111752
20000 1743111752
20000 1743111753
20000 1743111753
20000 1743111753
20000 1743111753
20000 1743111753
20000 1743111753
20000 1743111753
20000 1743111753
20000 1743111753
20000 1743111753
20000 1743111753
20000 1743111753
20000 1743111753
20000 1743111753
20000 1743111753
20000 1743111753
20000 1743111753
20000 1743111753
20000 1743111753
20000 1743111753
20000 1743111753
20000 1743111753
20000 1743111753
20000 1743111753
20000 1743111753
20000 1743111753
20000 1743111753
20000 1743111753
20000 1743111753
20000 1743111753
20000 1743111753
20000 1743111753
20000 1743111753
20000 1743111753
20000 1743111753
20000 1743111753
20000 1743111753
20000 1743111753
20000 1743111753
20000 1743111753
20000 1743111753
20000 1743111753
20000 1743111753
20000 1743111753
20000 1743111753
20000 1743111753
40069 1743111753
20000 1743111753
20000 1743111753
20000 1743111753
20000 1743111753
20000 1743111753
20000 1743111753
20000 1743111753
20000 1743111753
20000 1743111753
20000 1743111753
20000 1743111753
20000 1743111753
20000 1743111753
20000 1743111753
20000 1743111753
20000 1743111753
20000 1743111753
20000 1743111753
20000 1743111753
20000 1743111753
20000 1743111753
20000 1743111753
20000 1743111753
20000 1743111754
20000 1743111754
20000 1743111754
20000 1743111754
20000 1743111754
20000 1743111754
20000 1743111754
20000 1743111754
20000 1743111754
20000 1743111754
20000 1743111754
20000 1743111754
20000 1743111754
20000 1743111754
20000 1743111754
20000 1743111754
20000 1743111754
20000 1743111754
20000 1743111754
20000 1743111754
20000 1743111754
20000 1743111754
20000 1743111754
20000 1743111754
20000 1743111754
20000 1743111754
20000 1743111754
20000 1743111754
20000 1743111754
20000 1743111754
20000 1743111754
20000 1743111754
20000 1743111754
20000 1743111754
20000 1743111754
20000 1743111754
20000 1743111754
20000 1743111754
20000 1743111754
20000 1743111754
40064 1743111754
20000 1743111754
20000 1743111754
20000 1743111754
20000 1743111754
20000 1743111754
20000 1743111754
20000 1743111754
20000 1743111754
20000 1743111754
20000 1743111754
20000 1743111754
20000 1743111754
20000 1743111754
20000 1743111754
20000 1743111754
20000 1743111754
20000 1743111754
20000 1743111754
20000 1743111755
20000 1743111755
20000 1743111755
20000 1743111755
20000 1743111755
20000 1743111755
20000 1743111755
20000 1743111755
20000 1743111755
20000 1743111755
20000 1743111755
20000 1743111755
20000 1743111755
20000 1743111755
20000 1743111755
20000 1743111755
20000 1743111755
20000 1743111755
20000 1743111755
20000 1743111755
20000 1743111755
20000 1743111755
20000 1743111755
20000 1743111755
20000 1743111755
20000 1743111755
20000 1743111755
20000 1743111755
20000 1743111755
20000 1743111755
20000 1743111755
20000 1743111755
20000 1743111755
20000 1743111755
20000 1743111755
20000 1743111755
20000 1743111755
20000 1743111755
20000 1743111755
20000 1743111755
20000 1743111755
20000 1743111755
20000 1743111755
20000 1743111755
20000 1743111755
20000 1743111755
40064 1743111755
20000 1743111755
20000 1743111755
20000 1743111755
20000 1743111755
20000 1743111755
20000 1743111755
20000 1743111755
20000 1743111755
20000 1743111755
20000 1743111755
20000 1743111755
20000 1743111755
20000 1743111755
20000 1743111755
20000 1743111755
20000 1743111756
20000 1743111756
20000 1743111756
20000 1743111756
20000 1743111756
20000 1743111756
20000 1743111756
20000 1743111756
20000 1743111756
20000 1743111756
20000 1743111756
20000 1743111756
20000 1743111756
20000 1743111756
20000 1743111756
20000 1743111756
20000 1743111756
20000 1743111756
20000 1743111756
20000 1743111756
20000 1743111756
20000 1743111756
20000 1743111756
20000 1743111756
20000 1743111756
20000 1743111756
20000 1743111756
20000 1743111756
20000 1743111756
20000 1743111756
20000 1743111756
20000 1743111756
20000 1743111756
20000 1743111756
20000 1743111756
20000 1743111756
20000 1743111756
20000 1743111756
20000 1743111756
40054 1743111756
20000 1743111756
20000 1743111756
20000 1743111756
20000 1743111756
20000 1743111756
20000 1743111756
20000 1743111756
20000 1743111756
20000 1743111756
20000 1743111756
20000 1743111757
20000 1743111757
20000 1743111757
20000 1743111757
20000 1743111757
20000 1743111757
20000 1743111757
20000 1743111757
20000 1743111757
20000 1743111757
20000 1743111757
20000 1743111757
20000 1743111757
20000 1743111757
20000 1743111757
20000 1743111757
20000 1743111757
20000 1743111757
20000 1743111757
20000 1743111757
20000 1743111757
20000 1743111757
20000 1743111757
20000 1743111757
20000 1743111757
20000 1743111757
20000 1743111757
20000 1743111757
20000 1743111757
20000 1743111757
20000 1743111757
20000 1743111757
20000 1743111757
20000 1743111757
40044 1743111757
20000 1743111757
20000 1743111757
20000 1743111757
20000 1743111757
20000 1743111757
20000 1743111757
20000 1743111757
20000 1743111757
20000 1743111757
20000 1743111757
20000 1743111757
20000 1743111757
20000 1743111757
20000 1743111757
20000 1743111757
20000 1743111757
20000 1743111757
20000 1743111758
20000 1743111758
20000 1743111758
20000 1743111758
20000 1743111758
20000 1743111758
20000 1743111758
20000 1743111758
20000 1743111758
20000 1743111758
20000 1743111758
20000 1743111758
20000 1743111758
20000 1743111758
20000 1743111758
20000 1743111758
20000 1743111758
20000 1743111758
20000 1743111758
20000 1743111758
20000 1743111758
20000 1743111758
20000 1743111758
20000 1743111758
20000 1743111758
20000 1743111758
20000 1743111758
20000 1743111758
20000 1743111758
20000 1743111758
40047 1743111758
20000 1743111758
20000 1743111758
20000 1743111758
20000 1743111758
20000 1743111758
20000 1743111758
20000 1743111758
20000 1743111758
20000 1743111758
20000 1743111758
20000 1743111758
20000 1743111758
20000 1743111758
20000 1743111758
20000 1743111758
20000 1743111758
20000 1743111758
20000 1743111758
20000 1743111758
20000 1743111758
20000 1743111758
20000 1743111758
20000 1743111758
20000 1743111758
20000 1743111758
20000 1743111758
20000 1743111758
20000 1743111758
20000 1743111758
20000 1743111758
20000 1743111758
20000 1743111758
20000 1743111759
20000 1743111759
20000 1743111759
20000 1743111759
20000 1743111759
20000 1743111759
20000 1743111759
20000 1743111759
20000 1743111759
20000 1743111759
20000 1743111759
20000 1743111759
20000 1743111759
20000 1743111759
20000 1743111759
20000 1743111759
20000 1743111759
20000 1743111759
20000 1743111759
20000 1743111759
20000 1743111759
20000 1743111759
20000 1743111759
20000 1743111759
20000 1743111759
20000 1743111759
20000 1743111759
20000 1743111759
20000 1743111759
20000 1743111759
20000 1743111759
40062 1743111759
20000 1743111759
20000 1743111759
20000 1743111759
20000 1743111759
20000 1743111759
20000 1743111759
20000 1743111759
20000 1743111759
20000 1743111759
20000 1743111759
20000 1743111759
20000 1743111759
20000 1743111759
20000 1743111759
20000 1743111759
20000 1743111759
20000 1743111759
20000 1743111760
20000 1743111760
20000 1743111760
20000 1743111760
20000 1743111760
20000 1743111760
20000 1743111760
20000 1743111760
20000 1743111760
20000 1743111760
20000 1743111760
20000 1743111760
20000 1743111760
20000 1743111760
20000 1743111760
20000 1743111760
20000 1743111760
20000 1743111760
20000 1743111760
20000 1743111760
20000 1743111760
20000 1743111760
20000 1743111760
20000 1743111760
20000 1743111760
20000 1743111760
20000 1743111760
20000 1743111760
20000 1743111760
20000 1743111760
20000 1743111760
20000 1743111760
20000 1743111760
20000 1743111760
20000 1743111760
20000 1743111760
20000 1743111760
20000 1743111760
40055 1743111760
20000 1743111760
3720 1743111760
20000 1743111760
20000 1743111760
20000 1743111760
20000 1743111760
20000 1743111760
20000 1743111760
20000 1743111760
20000 1743111760
20000 1743111760
20000 1743111760
20000 1743111760
20000 1743111760
20000 1743111760
20000 1743111760
20000 1743111760
20000 1743111760
20000 1743111760
20000 1743111760
20000 1743111761
20000 1743111761
20000 1743111761
20000 1743111761
20000 1743111761
20000 1743111761
20000 1743111761
20000 1743111761
20000 1743111761
20000 1743111761
20000 1743111761
20000 1743111761
20000 1743111761
20000 1743111761
20000 1743111761
20000 1743111761
20000 1743111761
20000 1743111761
20000 1743111761
20000 1743111761
20000 1743111761
20000 1743111761
20000 1743111761
20000 1743111761
20000 1743111761
20000 1743111761
20000 1743111761
20000 1743111761
20000 1743111761
20000 1743111761
20000 1743111761
20000 1743111761
20000 1743111761
20000 1743111761
20000 1743111761
20000 1743111761
20000 1743111761
40057 1743111761
20000 1743111761
20000 1743111761
20000 1743111761
20000 1743111761
20000 1743111761
20000 1743111761
20000 1743111761
20000 1743111761
20000 1743111761
20000 1743111761
20000 1743111761
20000 1743111761
20000 1743111761
20000 1743111761
20000 1743111761
20000 1743111761
20000 1743111761
20000 1743111761
20000 1743111761
20000 1743111761
20000 1743111762
20000 1743111762
20000 1743111762
20000 1743111762
20000 1743111762
20000 1743111762
20000 1743111762
20000 1743111762
20000 1743111762
20000 1743111762
20000 1743111762
20000 1743111762
20000 1743111762
20000 1743111762
20000 1743111762
20000 1743111762
20000 1743111762
20000 1743111762
20000 1743111762
20000 1743111762
20000 1743111762
20000 1743111762
20000 1743111762
20000 1743111762
20000 1743111762
20000 1743111762
20000 1743111762
20000 1743111762
20000 1743111762
20000 1743111762
20000 1743111762
20000 1743111762
20000 1743111762
20000 1743111762
20000 1743111762
20000 1743111762
20000 1743111762
20000 1743111762
20000 1743111762
40059 1743111762
20000 1743111762
20000 1743111762
20000 1743111762
20000 1743111762
20000 1743111762
20000 1743111762
20000 1743111762
20000 1743111762
20000 1743111762
20000 1743111762
20000 1743111762
20000 1743111763
700 1743111763
20000 1743111763
20000 1743111763
20000 1743111763
20000 1743111763
20000 1743111763
20000 1743111763
20000 1743111763
20000 1743111763
20000 1743111763
20000 1743111763
20000 1743111763
20000 1743111763
20000 1743111763
20000 1743111763
20000 1743111763
20000 1743111763
20000 1743111763
20000 1743111763
20000 1743111763
20000 1743111763
20000 1743111763
20000 1743111763
20000 1743111763
20000 1743111763
20000 1743111763
20000 1743111763
40039 1743111763
20000 1743111763
20000 1743111763
20000 1743111763
20000 1743111763
20000 1743111763
20000 1743111763
20000 1743111764
20000 1743111764
20000 1743111764
20000 1743111764
20000 1743111764
20000 1743111764
20000 1743111764
20000 1743111764
20000 1743111764
20000 1743111764
20000 1743111764
20000 1743111764
20000 1743111764
20000 1743111764
20000 1743111764
20000 1743111764
20000 1743111764
20000 1743111764
20000 1743111764
20000 1743111764
20000 1743111764
20000 1743111764
20000 1743111764
20000 1743111764
20000 1743111764
20000 1743111764
20000 1743111764
20000 1743111764
20000 1743111764
20000 1743111764
20000 1743111764
20000 1743111764
20000 1743111764
40040 1743111764
20000 1743111764
20000 1743111764
20000 1743111764
20000 1743111764
20000 1743111764
20000 1743111764
20000 1743111764
20000 1743111764
20000 1743111764
20000 1743111764
20000 1743111764
20000 1743111764
20000 1743111764
20000 1743111764
20000 1743111764
20000 1743111764
20000 1743111764
20000 1743111765
20000 1743111765
20000 1743111765
20000 1743111765
20000 1743111765
20000 1743111765
20000 1743111765
20000 1743111765
20000 1743111765
20000 1743111765
20000 1743111765
20000 1743111765
20000 1743111765
20000 1743111765
20000 1743111765
20000 1743111765
20000 1743111765
20000 1743111765
20000 1743111765
20000 1743111765
20000 1743111765
20000 1743111765
20000 1743111765
20000 1743111765
20000 1743111765
20000 1743111765
20000 1743111765
20000 1743111765
20000 1743111765
20000 1743111765
20000 1743111765
20000 1743111765
20000 1743111765
20000 1743111765
20000 1743111765
20000 1743111765
20000 1743111765
20000 1743111765
20000 1743111765
20000 1743111765
20000 1743111765
20000 1743111765
40058 1743111765
20000 1743111765
20000 1743111765
20000 1743111765
20000 1743111765
20000 1743111765
20000 1743111765
20000 1743111765
20000 1743111765
20000 1743111765
20000 1743111765
20000 1743111765
20000 1743111765
20000 1743111765
20000 1743111765
20000 1743111766
20000 1743111766
20000 1743111766
20000 1743111766
20000 1743111766
20000 1743111766
20000 1743111766
20000 1743111766
20000 1743111766
20000 1743111766
20000 1743111766
20000 1743111766
20000 1743111766
20000 1743111766
20000 1743111766
20000 1743111766
20000 1743111766
20000 1743111766
20000 1743111766
20000 1743111766
20000 1743111766
20000 1743111766
20000 1743111766
20000 1743111766
20000 1743111766
20000 1743111766
20000 1743111766
20000 1743111766
20000 1743111766
20000 1743111766
20000 1743111766
20000 1743111766
20000 1743111766
20000 1743111766
20000 1743111766
20000 1743111766
20000 1743111766
20000 1743111766
20000 1743111766
20000 1743111766
20000 1743111766
20000 1743111766
40057 1743111766
20000 1743111766
20000 1743111766
20000 1743111766
20000 1743111766
20000 1743111766
20000 1743111766
20000 1743111766
20000 1743111766
20000 1743111766
20000 1743111767
20000 1743111767
20000 1743111767
20000 1743111767
20000 1743111767
20000 1743111767
20000 1743111767
20000 1743111767
20000 1743111767
20000 1743111767
20000 1743111767
20000 1743111767
20000 1743111767
20000 1743111767
20000 1743111767
20000 1743111767
20000 1743111767
20000 1743111767
20000 1743111767
20000 1743111767
20000 1743111767
20000 1743111767
20000 1743111767
20000 1743111767
20000 1743111767
20000 1743111767
20000 1743111767
20000 1743111767
20000 1743111767
20000 1743111767
20000 1743111767
20000 1743111767
20000 1743111767
20000 1743111767
20000 1743111767
20000 1743111767
40 1743111767
20000 1743111767
20000 1743111767
20000 1743111767
40048 1743111767
20000 1743111767
20000 1743111767
20000 1743111767
20000 1743111767
20000 1743111767
20000 1743111767
20000 1743111767
20000 1743111767
20000 1743111767
20000 1743111767
20000 1743111767
20000 1743111768
20000 1743111768
20000 1743111768
20000 1743111768
20000 1743111768
20000 1743111768
20000 1743111768
20000 1743111768
20000 1743111768
20000 1743111768
20000 1743111768
20000 1743111768
20000 1743111768
20000 1743111768
20000 1743111768
20000 1743111768
20000 1743111768
20000 1743111768
20000 1743111768
20000 1743111768
20000 1743111768
20000 1743111768
20000 1743111768
20000 1743111768
20000 1743111768
20000 1743111768
20000 1743111768
20000 1743111768
20000 1743111768
20000 1743111768
20000 1743111768
20000 1743111768
20000 1743111768
20000 1743111768
20000 1743111768
20000 1743111768
20000 1743111768
20000 1743111768
20000 1743111768
20000 1743111768
40051 1743111768
20000 1743111768
20000 1743111768
20000 1743111768
20000 1743111768
20000 1743111768
20000 1743111768
20000 1743111768
20000 1743111768
20000 1743111768
20000 1743111768
20000 1743111768
20000 1743111768
20000 1743111768
20000 1743111769
20000 1743111769
20000 1743111769
20000 1743111769
20000 1743111769
20000 1743111769
20000 1743111769
20000 1743111769
20000 1743111769
20000 1743111769
20000 1743111769
20000 1743111769
80 1743111769
20000 1743111769
20000 1743111769
20000 1743111769
20000 1743111769
20000 1743111769
20000 1743111769
20000 1743111769
20000 1743111769
20000 1743111769
20000 1743111769
20000 1743111769
20000 1743111769
20000 1743111769
20000 1743111769
20000 1743111769
20000 1743111769
20000 1743111769
20000 1743111769
20000 1743111769
20000 1743111769
20000 1743111769
20000 1743111769
20000 1743111769
20000 1743111769
20000 1743111769
20000 1743111769
40053 1743111769
20000 1743111769
20000 1743111769
20000 1743111769
20000 1743111769
20000 1743111769
20000 1743111769
20000 1743111769
20000 1743111769
20000 1743111769
20000 1743111769
20000 1743111769
20000 1743111769
20000 1743111769
20000 1743111769
20000 1743111769
20000 1743111770
20000 1743111770
20000 1743111770
20000 1743111770
20000 1743111770
20000 1743111770
20000 1743111770
20000 1743111770
20000 1743111770
20000 1743111770
20000 1743111770
20000 1743111770
20000 1743111770
20000 1743111770
20000 1743111770
20000 1743111770
20000 1743111770
20000 1743111770
20000 1743111770
20000 1743111770
20000 1743111770
20000 1743111770
20000 1743111770
20000 1743111770
20000 1743111770
20000 1743111770
20000 1743111770
20000 1743111770
20000 1743111770
20000 1743111770
20000 1743111770
20000 1743111770
20000 1743111770
20000 1743111770
20000 1743111770
20000 1743111770
20000 1743111770
20000 1743111770
20000 1743111770
20000 1743111770
20000 1743111770
40055 1743111770
20000 1743111770
20000 1743111770
20000 1743111770
20000 1743111770
20000 1743111770
20000 1743111770
20000 1743111770
20000 1743111770
20000 1743111770
20000 1743111770
20000 1743111770
20000 1743111770
20000 1743111770
20000 1743111770
20000 1743111770
20000 1743111771
20000 1743111771
20000 1743111771
20000 1743111771
20000 1743111771
20000 1743111771
20000 1743111771
20000 1743111771
20000 1743111771
20000 1743111771
20000 1743111771
20000 1743111771
20000 1743111771
20000 1743111771
20000 1743111771
20000 1743111771
20000 1743111771
20000 1743111771
20000 1743111771
20000 1743111771
20000 1743111771
20000 1743111771
20000 1743111771
20000 1743111771
20000 1743111771
20000 1743111771
20000 1743111771
20000 1743111771
20000 1743111771
20000 1743111771
20000 1743111771
20000 1743111771
40048 1743111771
20000 1743111771
20000 1743111771
20000 1743111771
20000 1743111771
20000 1743111771
20000 1743111771
20000 1743111771
20000 1743111771
20000 1743111771
20000 1743111771
20000 1743111771
20000 1743111772
20000 1743111772
20000 1743111772
20000 1743111772
20000 1743111772
20000 1743111772
20000 1743111772
20000 1743111772
20000 1743111772
20000 1743111772
20000 1743111772
20000 1743111772
20000 1743111772
20000 1743111772
20000 1743111772
20000 1743111772
20000 1743111772
20000 1743111772
20000 1743111772
20000 1743111772
20000 1743111772
20000 1743111772
20000 1743111772
20000 1743111772
20000 1743111772
20000 1743111772
20000 1743111772
40 1743111772
20000 1743111772
20000 1743111772
20000 1743111772
20000 1743111772
20000 1743111772
20000 1743111772
20000 1743111772
40046 1743111772
20000 1743111772
20000 1743111772
20000 1743111772
20000 1743111772
20000 1743111772
20000 1743111772
20000 1743111772
20000 1743111772
20000 1743111772
20000 1743111772
20000 1743111772
20000 1743111772
20000 1743111772
20000 1743111772
20000 1743111772
20000 1743111772
20000 1743111772
20000 1743111773
20000 1743111773
20000 1743111773
20000 1743111773
20000 1743111773
20000 1743111773
20000 1743111773
20000 1743111773
20000 1743111773
40 1743111773
20000 1743111773
20000 1743111773
20000 1743111773
20000 1743111773
20000 1743111773
20000 1743111773
20000 1743111773
20000 1743111773
20000 1743111773
20000 1743111773
20000 1743111773
20000 1743111773
20000 1743111773
20000 1743111773
20000 1743111773
20000 1743111773
20000 1743111773
20000 1743111773
20000 1743111773
20000 1743111773
20000 1743111773
20000 1743111773
20000 1743111773
20000 1743111773
20000 1743111773
20000 1743111773
20000 1743111773
20000 1743111773
20000 1743111773
20000 1743111773
20000 1743111773
20000 1743111773
20000 1743111773
20000 1743111773
20000 1743111773
40061 1743111773
20000 1743111773
20000 1743111773
20000 1743111773
20000 1743111773
20000 1743111773
20000 1743111773
20000 1743111773
20000 1743111773
20000 1743111773
20000 1743111773
20000 1743111773
20000 1743111773
20000 1743111773
20000 1743111774
20000 1743111774
20000 1743111774
20000 1743111774
20000 1743111774
20000 1743111774
20000 1743111774
20000 1743111774
20000 1743111774
20000 1743111774
20000 1743111774
20000 1743111774
20000 1743111774
20000 1743111774
20000 1743111774
20000 1743111774
20000 1743111774
20000 1743111774
20000 1743111774
20000 1743111774
20000 1743111774
20000 1743111774
20000 1743111774
20000 1743111774
20000 1743111774
20000 1743111774
20000 1743111774
20000 1743111774
20000 1743111774
20000 1743111774
20000 1743111774
20000 1743111774
20000 1743111774
20000 1743111774
20000 1743111774
20000 1743111774
20000 1743111774
20000 1743111774
20000 1743111774
20000 1743111774
20000 1743111774
20000 1743111774
20000 1743111774
20000 1743111774
80 1743111774
20000 1743111774
20000 1743111774
20000 1743111774
40062 1743111774
20000 1743111774
20000 1743111774
20000 1743111774
20000 1743111774
20000 1743111774
20000 1743111774
20000 1743111774
20000 1743111774
20000 1743111774
20000 1743111774
20000 1743111775
20000 1743111775
20000 1743111775
20000 1743111775
20000 1743111775
20000 1743111775
20000 1743111775
20000 1743111775
20000 1743111775
20000 1743111775
20000 1743111775
20000 1743111775
20000 1743111775
20000 1743111775
20000 1743111775
20000 1743111775
20000 1743111775
20000 1743111775
20000 1743111775
20000 1743111775
20000 1743111775
20000 1743111775
20000 1743111775
20000 1743111775
20000 1743111775
20000 1743111775
20000 1743111775
20000 1743111775
20000 1743111775
20000 1743111775
20000 1743111775
20000 1743111775
20000 1743111775
20000 1743111775
20000 1743111775
20000 1743111775
20000 1743111775
20000 1743111775
20000 1743111775
20000 1743111775
20000 1743111775
20000 1743111775
20000 1743111775
20000 1743111775
20000 1743111775
20000 1743111775
20000 1743111775
20000 1743111775
20000 1743111775
20000 1743111775
20000 1743111775
20000 1743111775
20000 1743111775
20000 1743111775
20000 1743111775
40064 1743111775
20000 1743111775
20000 1743111775
20000 1743111775
20000 1743111775
20000 1743111775
20000 1743111775
20000 1743111775
20000 1743111775
20000 1743111775
20000 1743111775
20000 1743111776
20000 1743111776
20000 1743111776
20000 1743111776
20000 1743111776
20000 1743111776
20000 1743111776
20000 1743111776
20000 1743111776
20000 1743111776
20000 1743111776
20000 1743111776
20000 1743111776
20000 1743111776
20000 1743111776
20000 1743111776
20000 1743111776
20000 1743111776
20000 1743111776
20000 1743111776
20000 1743111776
20000 1743111776
20000 1743111776
20000 1743111776
20000 1743111776
20000 1743111776
20000 1743111776
20000 1743111776
20000 1743111776
20000 1743111776
20000 1743111776
20000 1743111776
20000 1743111776
20000 1743111776
20000 1743111776
20000 1743111776
20000 1743111776
20000 1743111776
20000 1743111776
20000 1743111776
20000 1743111776
20000 1743111776
20000 1743111776
20000 1743111776
20000 1743111776
20000 1743111776
20000 1743111776
20000 1743111776
20000 1743111776
20000 1743111776
20000 1743111776
60 1743111776
40062 1743111776
20000 1743111776
20000 1743111776
20000 1743111776
20000 1743111776
20000 1743111776
20000 1743111776
20000 1743111776
20000 1743111777
20000 1743111777
20000 1743111777
20000 1743111777
20000 1743111777
20000 1743111777
20000 1743111777
20000 1743111777
20000 1743111777
20000 1743111777
20000 1743111777
20000 1743111777
20000 1743111777
20000 1743111777
20000 1743111777
20000 1743111777
20000 1743111777
20000 1743111777
20000 1743111777
20000 1743111777
20000 1743111777
20000 1743111777
20000 1743111777
20000 1743111777
20000 1743111777
20000 1743111777
20000 1743111777
20000 1743111777
20000 1743111777
20000 1743111777
20000 1743111777
20000 1743111777
20000 1743111777
20000 1743111777
20000 1743111777
20000 1743111777
20000 1743111777
40045 1743111777
20000 1743111777
20000 1743111777
20000 1743111777
20000 1743111777
20000 1743111777
20000 1743111777
20000 1743111777
20000 1743111777
20000 1743111777
20000 1743111777
20000 1743111777
20000 1743111777
20000 1743111777
20000 1743111777
20000 1743111777
20000 1743111777
20000 1743111777
20000 1743111777
20000 1743111777
20000 1743111777
20000 1743111777
20000 1743111778
20000 1743111778
20000 1743111778
20000 1743111778
20000 1743111778
20000 1743111778
20000 1743111778
20000 1743111778
20000 1743111778
20000 1743111778
20000 1743111778
20000 1743111778
20000 1743111778
20000 1743111778
20000 1743111778
20000 1743111778
20000 1743111778
20000 1743111778
20000 1743111778
20000 1743111778
20000 1743111778
20000 1743111778
20000 1743111778
20000 1743111778
20000 1743111778
20000 1743111778
20000 1743111778
20000 1743111778
20000 1743111778
20000 1743111778
20000 1743111778
20000 1743111778
20000 1743111778
20000 1743111778
20000 1743111778
20000 1743111778
20000 1743111778
20000 1743111778
20000 1743111778
20000 1743111778
20000 1743111778
20000 1743111778
20000 1743111778
20000 1743111778
20000 1743111778
20000 1743111778
20000 1743111778
20000 1743111778
20000 1743111778
20000 1743111778
20000 1743111778
20000 1743111778
20000 1743111778
40074 1743111778
20000 1743111778
20000 1743111778
20000 1743111778
20000 1743111778
20000 1743111778
20000 1743111778
20000 1743111778
20000 1743111779
20000 1743111779
20000 1743111779
20000 1743111779
20000 1743111779
20000 1743111779
20000 1743111779
20000 1743111779
20000 1743111779
20000 1743111779
20000 1743111779
20000 1743111779
20000 1743111779
20000 1743111779
20000 1743111779
20000 1743111779
20000 1743111779
20000 1743111779
20000 1743111779
20000 1743111779
20000 1743111779
20000 1743111779
20000 1743111779
20000 1743111779
20000 1743111779
20000 1743111779
20000 1743111779
20000 1743111779
20000 1743111779
20000 1743111779
20000 1743111779
20000 1743111779
20000 1743111779
20000 1743111779
20000 1743111779
20000 1743111779
20000 1743111779
40043 1743111779
20000 1743111779
20000 1743111779
20000 1743111779
20000 1743111779
20000 1743111780
20000 1743111780
20000 1743111780
20000 1743111780
20000 1743111780
20000 1743111780
20000 1743111780
20000 1743111780
20000 1743111780
20000 1743111780
20000 1743111780
20000 1743111780
20000 1743111780
20000 1743111780
20000 1743111780
20000 1743111780
20000 1743111780
20000 1743111780
20000 1743111780
20000 1743111780
20000 1743111780
20000 1743111780
20000 1743111780
20000 1743111780
20000 1743111780
20000 1743111780
20000 1743111780
20000 1743111780
20000 1743111780
20000 1743111780
20000 1743111780
20000 1743111780
20000 1743111780
40038 1743111780
20000 1743111780
20000 1743111780
20000 1743111780
20000 1743111780
20000 1743111780
20000 1743111780
20000 1743111780
20000 1743111780
20000 1743111780
20000 1743111780
20000 1743111780
20000 1743111780
20000 1743111781
20000 1743111781
20000 1743111781
20000 1743111781
20000 1743111781
20000 1743111781
20000 1743111781
20000 1743111781
20000 1743111781
20000 1743111781
20000 1743111781
20000 1743111781
20000 1743111781
20000 1743111781
20000 1743111781
20000 1743111781
20000 1743111781
60 1743111781
20000 1743111781
20000 1743111781
20000 1743111781
20000 1743111781
20000 1743111781
20000 1743111781
20000 1743111781
20000 1743111781
20000 1743111781
20000 1743111781
20000 1743111781
20000 1743111781
20000 1743111781
20000 1743111781
20000 1743111781
20000 1743111781
20000 1743111781
20000 1743111781
20000 1743111781
20000 1743111781
20000 1743111781
20000 1743111781
40052 1743111781
20000 1743111781
20000 1743111781
20000 1743111781
20000 1743111781
20000 1743111781
20000 1743111781
20000 1743111781
20000 1743111781
20000 1743111781
20000 1743111782
20000 1743111782
20000 1743111782
20000 1743111782
20000 1743111782
20000 1743111782
20000 1743111782
20000 1743111782
20000 1743111782
20000 1743111782
20000 1743111782
20000 1743111782
20000 1743111782
20000 1743111782
20000 1743111782
20000 1743111782
20000 1743111782
20000 1743111782
20000 1743111782
20000 1743111782
20000 1743111782
20000 1743111782
20000 1743111782
20000 1743111782
20000 1743111782
20000 1743111782
40034 1743111782
40000 1743111783
