40000 1743111820
40000 1743111821
20000 1743111821
20000 1743111821
20000 1743111821
20000 1743111821
20000 1743111821
20000 1743111821
20000 1743111821
20000 1743111821
20000 1743111821
20000 1743111821
20000 1743111821
20000 1743111821
20000 1743111821
20000 1743111821
20000 1743111821
20000 1743111822
20000 1743111822
20000 1743111822
20000 1743111822
20000 1743111822
20000 1743111822
40021 1743111822
20000 1743111822
20000 1743111822
20000 1743111822
20000 1743111822
20000 1743111822
20000 1743111823
20000 1743111823
20000 1743111823
20000 1743111823
20000 1743111823
40010 1743111823
20000 1743111823
20000 1743111823
20000 1743111823
20000 1743111823
20000 1743111823
20000 1743111823
20000 1743111823
20000 1743111823
20000 1743111824
20000 1743111824
20000 1743111824
40011 1743111824
20000 1743111824
20000 1743111824
20000 1743111824
20000 1743111824
20000 1743111825
20000 1743111825
40006 1743111825
20000 1743111825
20000 1743111825
20000 1743111825
20000 1743111825
20000 1743111826
20000 1743111826
20000 1743111826
40007 1743111826
20000 1743111826
20000 1743111826
20000 1743111826
20000 1743111826
20000 1743111826
20000 1743111826
20000 1743111826
20000 1743111827
20000 1743111827
20000 1743111827
20000 1743111827
40011 1743111827
20000 1743111827
20000 1743111827
20000 1743111827
20000 1743111827
20000 1743111827
20000 1743111828
20000 1743111828
20000 1743111828
20000 1743111828
20000 1743111828
40010 1743111828
20000 1743111828
20000 1743111829
20000 1743111829
20000 1743111829
20000 1743111829
20000 1743111829
40006 1743111829
20000 1743111829
20000 1743111829
20000 1743111829
20000 1743111829
20000 1743111829
20000 1743111829
20000 1743111829
20000 1743111829
20000 1743111830
20000 1743111830
20000 1743111830
20000 1743111830
20000 1743111830
40013 1743111830
20000 1743111830
20000 1743111830
20000 1743111830
20000 1743111830
20000 1743111830
20000 1743111830
20000 1743111830
20000 1743111830
20000 1743111831
20000 1743111831
20000 1743111831
20000 1743111831
20000 1743111831
20000 1743111831
20000 1743111831
40016 1743111831
20000 1743111831
20000 1743111831
20000 1743111831
20000 1743111831
20000 1743111831
20000 1743111831
20000 1743111832
20000 1743111832
20000 1743111832
40008 1743111832
20000 1743111832
20000 1743111832
20000 1743111832
20000 1743111833
40004 1743111833
20000 1743111833
20000 1743111833
20000 1743111833
20000 1743111833
20000 1743111833
20000 1743111833
20000 1743111833
20000 1743111834
20000 1743111834
20000 1743111834
20000 1743111834
20000 1743111834
20000 1743111834
40013 1743111834
20000 1743111834
20000 1743111834
20000 1743111834
20000 1743111834
20000 1743111834
20000 1743111834
20000 1743111834
20000 1743111834
20000 1743111835
20000 1743111835
40010 1743111835
20000 1743111835
20000 1743111835
20000 1743111835
20000 1743111835
20000 1743111835
20000 1743111836
20000 1743111836
20000 1743111836
20000 1743111836
20000 1743111836
40010 1743111836
20000 1743111836
20000 1743111836
20000 1743111836
20000 1743111836
20000 1743111836
20000 1743111836
20000 1743111836
40007 1743111837
20000 1743111837
20000 1743111837
20000 1743111837
20000 1743111837
20000 1743111837
20000 1743111837
20000 1743111837
20000 1743111837
20000 1743111837
20000 1743111837
20000 1743111838
20000 1743111838
20000 1743111838
40013 1743111838
20000 1743111838
20000 1743111838
20000 1743111838
20000 1743111838
20000 1743111838
20000 1743111838
20000 1743111838
20000 1743111839
20000 1743111839
20000 1743111839
40011 1743111839
20000 1743111839
20000 1743111839
20000 1743111839
20000 1743111839
20000 1743111839
20000 1743111839
20000 1743111839
20000 1743111840
20000 1743111840
20000 1743111840
40010 1743111840
20000 1743111840
20000 1743111840
20000 1743111840
20000 1743111840
20000 1743111841
20000 1743111841
40005 1743111841
20000 1743111841
20000 1743111841
20000 1743111841
20000 1743111841
20000 1743111841
20000 1743111841
20000 1743111841
20000 1743111841
20000 1743111841
20000 1743111841
20000 1743111842
20000 1743111842
40013 1743111842
20000 1743111842
20000 1743111842
20000 1743111842
20000 1743111842
20000 1743111842
20000 1743111842
20000 1743111842
20000 1743111843
20000 1743111843
20000 1743111843
20000 1743111843
40010 1743111843
20000 1743111843
20000 1743111843
20000 1743111843
20000 1743111843
20000 1743111844
40005 1743111844
20000 1743111844
20000 1743111844
20000 1743111845
20000 1743111845
20000 1743111845
20000 1743111845
20000 1743111845
40007 1743111845
20000 1743111845
20000 1743111845
20000 1743111845
20000 1743111845
20000 1743111845
20000 1743111845
20000 1743111846
20000 1743111846
20000 1743111846
40010 1743111846
20000 1743111846
20000 1743111846
20000 1743111846
20000 1743111846
20000 1743111847
20000 1743111847
20000 1743111847
20000 1743111847
40007 1743111847
20000 1743111847
20000 1743111847
20000 1743111847
20000 1743111847
20000 1743111847
20000 1743111847
20000 1743111847
20000 1743111848
20000 1743111848
20000 1743111848
20000 1743111848
20000 1743111848
20000 1743111848
20000 1743111848
40014 1743111848
20000 1743111848
20000 1743111848
20000 1743111848
20000 1743111848
20000 1743111848
20000 1743111848
20000 1743111849
20000 1743111849
40008 1743111849
20000 1743111849
20000 1743111849
20000 1743111849
20000 1743111849
20000 1743111849
20000 1743111850
20000 1743111850
20000 1743111850
20000 1743111850
20000 1743111850
40010 1743111850
20000 1743111850
20000 1743111850
20000 1743111851
20000 1743111851
40004 1743111851
20000 1743111851
20000 1743111851
20000 1743111851
20000 1743111851
20000 1743111852
20000 1743111852
20000 1743111852
20000 1743111852
20000 1743111852
20000 1743111852
40010 1743111852
20000 1743111852
20000 1743111852
20000 1743111852
20000 1743111852
20000 1743111852
20000 1743111853
20000 1743111853
20000 1743111853
40008 1743111853
20000 1743111853
20000 1743111853
20000 1743111853
20000 1743111853
20000 1743111854
20000 1743111854
20000 1743111854
20000 1743111854
20000 1743111854
20000 1743111854
80 1743111854
20000 1743111854
40012 1743111854
20000 1743111854
20000 1743111854
20000 1743111854
20000 1743111854
20000 1743111855
20000 1743111855
20000 1743111855
20000 1743111855
20000 1743111855
40009 1743111855
20000 1743111855
20000 1743111855
20000 1743111855
20000 1743111855
20000 1743111855
20000 1743111855
20000 1743111856
20000 1743111856
20000 1743111856
40009 1743111856
20000 1743111856
20000 1743111856
20000 1743111856
20000 1743111856
20000 1743111856
20000 1743111856
20000 1743111856
20000 1743111856
20000 1743111857
20000 1743111857
20000 1743111857
20000 1743111857
40012 1743111857
20000 1743111857
20000 1743111857
20000 1743111857
20000 1743111857
20000 1743111858
20000 1743111858
20000 1743111858
20000 1743111858
20000 1743111858
20000 1743111858
40010 1743111858
20000 1743111858
20000 1743111858
20000 1743111858
20000 1743111859
20000 1743111859
20000 1743111859
40006 1743111859
20000 1743111859
20000 1743111859
20000 1743111859
20000 1743111860
20000 1743111860
20000 1743111860
20000 1743111860
20000 1743111860
20000 1743111860
40009 1743111860
20000 1743111860
20000 1743111860
20000 1743111860
20000 1743111861
20000 1743111861
40 1743111861
20000 1743111861
40007 1743111861
20000 1743111861
20000 1743111861
20000 1743111861
20000 1743111861
20000 1743111861
20000 1743111861
20000 1743111861
20000 1743111862
20000 1743111862
20000 1743111862
20000 1743111862
20000 1743111862
40012 1743111862
20000 1743111862
20000 1743111863
40002 1743111863
20000 1743111863
20000 1743111863
20000 1743111863
40003 1743111864
20000 1743111864
20000 1743111864
20000 1743111864
20000 1743111864
20000 1743111864
20000 1743111864
20000 1743111865
20000 1743111865
20000 1743111865
20000 1743111865
20000 1743111865
40011 1743111865
20000 1743111865
20000 1743111865
20000 1743111865
20000 1743111865
20000 1743111865
20000 1743111866
20000 1743111866
40007 1743111866
20000 1743111866
20000 1743111866
20000 1743111866
20000 1743111867
20000 1743111867
20000 1743111867
40006 1743111867
20000 1743111867
40 1743111867
20000 1743111867
20000 1743111867
20000 1743111867
20000 1743111868
20000 1743111868
40007 1743111868
20000 1743111868
20000 1743111868
20000 1743111868
20000 1743111869
20000 1743111869
20000 1743111869
20000 1743111869
20000 1743111869
20000 1743111869
40009 1743111869
20000 1743111869
20000 1743111869
20000 1743111869
20000 1743111869
20000 1743111869
20000 1743111869
20000 1743111870
20000 1743111870
20000 1743111870
20000 1743111870
40010 1743111870
20000 1743111870
20000 1743111870
20000 1743111871
20000 1743111871
20000 1743111871
20000 1743111871
20000 1743111871
20000 1743111871
20000 1743111871
40010 1743111871
20000 1743111871
20000 1743111871
20000 1743111871
20000 1743111871
20000 1743111871
20000 1743111871
20000 1743111872
20000 1743111872
20000 1743111872
20000 1743111872
20000 1743111872
40010 1743111872
20000 1743111872
20000 1743111873
20000 1743111873
20000 1743111873
20000 1743111873
20000 1743111873
40006 1743111873
20000 1743111873
20000 1743111873
20000 1743111874
20000 1743111874
20000 1743111874
20000 1743111874
40006 1743111874
20000 1743111874
20000 1743111874
20000 1743111875
20000 1743111875
20000 1743111875
20000 1743111875
40006 1743111875
20000 1743111875
60 1743111875
20000 1743111875
20000 1743111876
20000 1743111876
20000 1743111876
20000 1743111876
40008 1743111876
20000 1743111876
20000 1743111876
20000 1743111876
20000 1743111876
20000 1743111876
20000 1743111877
40005 1743111877
20000 1743111877
20000 1743111878
20000 1743111878
40003 1743111878
20000 1743111878
20000 1743111878
20000 1743111878
20000 1743111878
20000 1743111878
20000 1743111878
20000 1743111878
20000 1743111879
20000 1743111879
20000 1743111879
20000 1743111879
20000 1743111879
20000 1743111879
40013 1743111879
20000 1743111879
20000 1743111879
20000 1743111879
20000 1743111879
20000 1743111879
20000 1743111880
20000 1743111880
20000 1743111880
40008 1743111880
20000 1743111880
20000 1743111880
20000 1743111880
20000 1743111881
40004 1743111881
20000 1743111881
20000 1743111881
20000 1743111881
20000 1743111882
20000 1743111882
20000 1743111882
20000 1743111882
20000 1743111882
20000 1743111882
40009 1743111882
20000 1743111882
20000 1743111882
20000 1743111882
20000 1743111882
20000 1743111882
20000 1743111882
20000 1743111882
20000 1743111883
20000 1743111883
20000 1743111883
20000 1743111883
40011 1743111883
20000 1743111883
20000 1743111884
20000 1743111884
20000 1743111884
20000 1743111884
40005 1743111884
20000 1743111884
20000 1743111885
20000 1743111885
20000 1743111885
20000 1743111885
20000 1743111885
20000 1743111885
40007 1743111885
20000 1743111885
20000 1743111885
20000 1743111886
20000 1743111886
20000 1743111886
20000 1743111886
20000 1743111886
20000 1743111886
20000 1743111886
20000 1743111886
20000 1743111886
40011 1743111886
20000 1743111886
20000 1743111886
20000 1743111886
20000 1743111886
20000 1743111887
20000 1743111887
20000 1743111887
20000 1743111887
20000 1743111887
40009 1743111887
20000 1743111887
20000 1743111887
20000 1743111887
20000 1743111887
20000 1743111888
20000 1743111888
20000 1743111888
20000 1743111888
20000 1743111888
20000 1743111888
40010 1743111888
20000 1743111888
20000 1743111888
20000 1743111888
20000 1743111888
20000 1743111889
20000 1743111889
20000 1743111889
20000 1743111889
20000 1743111889
20000 1743111889
40010 1743111889
20000 1743111889
20000 1743111889
20000 1743111889
20000 1743111890
20000 1743111890
20000 1743111890
20000 1743111890
20000 1743111890
40008 1743111890
20000 1743111890
20000 1743111890
20000 1743111891
20000 1743111891
20000 1743111891
20000 1743111891
20000 1743111891
20000 1743111891
20000 1743111891
40009 1743111891
20000 1743111891
20000 1743111891
20000 1743111892
20000 1743111892
20000 1743111892
40005 1743111892
20000 1743111892
20000 1743111892
20000 1743111892
20000 1743111892
20000 1743111892
20000 1743111892
20000 1743111893
20000 1743111893
20000 1743111893
20000 1743111893
20000 1743111893
40011 1743111893
20000 1743111893
20000 1743111893
20000 1743111893
20000 1743111893
20000 1743111894
20000 1743111894
20000 1743111894
20000 1743111894
20000 1743111894
20000 1743111894
20000 1743111894
40011 1743111894
20000 1743111894
20000 1743111895
20000 1743111895
20000 1743111895
20000 1743111895
40005 1743111895
20000 1743111895
20000 1743111895
20000 1743111896
20000 1743111896
20000 1743111896
20000 1743111896
20000 1743111896
40007 1743111896
20000 1743111896
20000 1743111897
20000 1743111897
20000 1743111897
20000 1743111897
20000 1743111897
20000 1743111897
20000 1743111897
20000 1743111897
20000 1743111897
40010 1743111897
20000 1743111897
20000 1743111897
20000 1743111897
20000 1743111898
20000 1743111898
20000 1743111898
20000 1743111898
20000 1743111898
20000 1743111898
40009 1743111898
20000 1743111898
20000 1743111898
20000 1743111899
20000 1743111899
20000 1743111899
20000 1743111899
20000 1743111899
20000 1743111899
20000 1743111899
40009 1743111899
20000 1743111899
20000 1743111899
20000 1743111899
20000 1743111899
20000 1743111899
20000 1743111899
20000 1743111900
20000 1743111900
20000 1743111900
80 1743111900
20000 1743111900
20000 1743111900
40012 1743111900
20000 1743111900
20000 1743111900
20000 1743111900
20000 1743111900
20000 1743111900
20000 1743111900
20000 1743111901
20000 1743111901
40008 1743111901
20000 1743111901
20000 1743111901
20000 1743111902
20000 1743111902
20000 1743111902
20000 1743111902
20000 1743111902
40007 1743111902
20000 1743111902
20000 1743111902
20000 1743111902
20000 1743111902
20000 1743111902
20000 1743111902
20000 1743111903
20000 1743111903
20000 1743111903
20000 1743111903
20000 1743111903
40011 1743111903
20000 1743111903
20000 1743111903
20000 1743111904
20000 1743111904
20000 1743111904
20000 1743111904
20000 1743111904
20000 1743111904
20000 1743111904
20000 1743111904
40010 1743111904
20000 1743111904
20000 1743111904
20000 1743111904
20000 1743111904
20000 1743111905
20000 1743111905
20000 1743111905
20000 1743111905
20000 1743111905
20000 1743111905
20000 1743111905
40011 1743111905
20000 1743111905
20000 1743111905
20000 1743111905
20000 1743111905
20000 1743111906
40005 1743111906
