40000 1743111939
40000 1743111940
20000 1743111940
20000 1743111940
20000 1743111940
20000 1743111940
20000 1743111940
20000 1743111940
20000 1743111940
20000 1743111940
20000 1743111941
20000 1743111941
20000 1743111941
20000 1743111941
40012 1743111941
20000 1743111941
20000 1743111942
20000 1743111942
20000 1743111942
20000 1743111942
40005 1743111942
20000 1743111943
20000 1743111943
20000 1743111943
40003 1743111943
20000 1743111944
20000 1743111944
20000 1743111944
20000 1743111944
20000 1743111944
40005 1743111944
20000 1743111945
20000 1743111945
20000 1743111945
20000 1743111945
20000 1743111945
20000 1743111945
20000 1743111945
20000 1743111945
20000 1743111945
40009 1743111945
20000 1743111946
20000 1743111946
20000 1743111946
20000 1743111946
20000 1743111946
20000 1743111946
40006 1743111946
20000 1743111947
20000 1743111947
20000 1743111947
20000 1743111947
20000 1743111947
20000 1743111947
40007 1743111947
20000 1743111947
20000 1743111948
20000 1743111948
20000 1743111948
20000 1743111948
20000 1743111948
20000 1743111948
40006 1743111948
20000 1743111948
20000 1743111949
20000 1743111949
20000 1743111949
20000 1743111949
20000 1743111949
40006 1743111949
20000 1743111949
20000 1743111950
20000 1743111950
20000 1743111950
20000 1743111950
40005 1743111950
20000 1743111951
20000 1743111951
20000 1743111951
20000 1743111951
40004 1743111951
20000 1743111952
20000 1743111952
20000 1743111952
20000 1743111952
20000 1743111952
40005 1743111952
20000 1743111953
20000 1743111953
20000 1743111953
20000 1743111953
20000 1743111953
20000 1743111953
20000 1743111953
20000 1743111953
20000 1743111953
40009 1743111953
20000 1743111954
40001 1743111954
20000 1743111954
20000 1743111955
20000 1743111955
20000 1743111955
20000 1743111955
20000 1743111955
20000 1743111955
20000 1743111955
40008 1743111955
20000 1743111956
20000 1743111956
20000 1743111956
20000 1743111956
40004 1743111956
20000 1743111957
20000 1743111957
20000 1743111957
20000 1743111957
20000 1743111957
20000 1743111957
40006 1743111957
20000 1743111958
20000 1743111958
20000 1743111958
20000 1743111958
40004 1743111958
20000 1743111959
20000 1743111959
20000 1743111959
20000 1743111959
20000 1743111959
40005 1743111959
20000 1743111959
20000 1743111960
20000 1743111960
20000 1743111960
20000 1743111960
20000 1743111960
20000 1743111960
100 1743111960
40008 1743111960
20000 1743111961
20000 1743111961
40002 1743111961
20000 1743111962
20000 1743111962
20000 1743111962
20000 1743111962
20000 1743111962
40005 1743111962
20000 1743111963
20000 1743111963
20000 1743111963
20000 1743111963
20000 1743111963
20000 1743111963
20000 1743111963
20000 1743111963
20000 1743111963
20000 1743111963
40010 1743111963
20000 1743111964
20000 1743111964
20000 1743111964
20000 1743111964
20000 1743111964
20000 1743111964
20000 1743111964
20000 1743111964
20000 1743111964
20000 1743111964
40010 1743111964
20000 1743111965
20000 1743111965
40002 1743111966
20000 1743111966
20000 1743111966
40002 1743111967
20000 1743111967
20000 1743111967
20000 1743111967
20000 1743111967
20000 1743111967
20000 1743111967
20000 1743111967
20000 1743111967
40008 1743111968
20000 1743111968
20000 1743111968
20000 1743111968
20000 1743111968
20000 1743111968
40005 1743111969
20000 1743111969
20000 1743111969
20000 1743111969
20000 1743111969
20000 1743111969
20000 1743111969
40006 1743111970
20000 1743111970
20000 1743111970
20000 1743111970
20000 1743111970
40004 1743111971
20000 1743111971
20000 1743111971
20000 1743111971
20000 1743111971
20000 1743111971
20000 1743111971
20000 1743111971
20000 1743111971
20000 1743111971
40009 1743111972
20000 1743111972
20000 1743111972
20000 1743111972
20000 1743111972
20000 1743111972
20000 1743111972
20000 1743111972
20000 1743111972
20000 1743111972
40009 1743111973
20000 1743111973
20000 1743111973
20000 1743111973
20000 1743111973
20000 1743111973
40005 1743111974
20000 1743111974
20000 1743111974
20000 1743111974
20000 1743111974
20000 1743111974
40005 1743111975
40000 1743111976
20000 1743111976
20000 1743111976
20000 1743111976
20000 1743111976
20000 1743111976
40005 1743111977
20000 1743111977
20000 1743111977
20000 1743111977
20000 1743111977
40004 1743111978
20000 1743111978
20000 1743111978
20000 1743111978
20000 1743111978
20000 1743111978
20000 1743111978
40006 1743111979
20000 1743111979
20000 1743111979
20000 1743111979
40003 1743111980
20000 1743111980
40001 1743111981
20000 1743111981
20000 1743111981
20000 1743111981
20000 1743111981
20000 1743111981
40005 1743111982
20000 1743111982
20000 1743111982
40002 1743111983
20000 1743111983
20000 1743111983
20000 1743111983
20000 1743111983
40004 1743111984
20000 1743111984
20000 1743111984
20000 1743111984
20000 1743111985
40005 1743111985
20000 1743111985
20000 1743111985
20000 1743111985
20000 1743111985
20000 1743111985
20000 1743111985
20000 1743111985
20000 1743111985
20000 1743111985
20000 1743111985
40009 1743111986
20000 1743111986
20000 1743111986
20000 1743111986
20000 1743111986
20000 1743111986
20000 1743111987
40006 1743111987
40000 1743111988
20000 1743111988
20000 1743111988
20000 1743111988
20000 1743111988
20000 1743111988
40005 1743111989
20000 1743111989
20000 1743111989
20000 1743111989
20000 1743111989
20000 1743111989
20000 1743111989
40006 1743111990
20000 1743111990
20000 1743111990
20000 1743111990
20000 1743111990
40004 1743111991
20000 1743111991
20000 1743111991
20000 1743111991
20000 1743111991
20000 1743111991
20000 1743111991
20000 1743111991
20000 1743111991
40 1743111992
20000 1743111992
20000 1743111992
40011 1743111992
20000 1743111992
20000 1743111992
20000 1743111992
20000 1743111992
20000 1743111992
20000 1743111992
20000 1743111992
20000 1743111993
40008 1743111993
20000 1743111993
20000 1743111993
20000 1743111993
20000 1743111993
20000 1743111993
20000 1743111993
20000 1743111994
40007 1743111994
20000 1743111994
20000 1743111994
20000 1743111994
20000 1743111994
20000 1743111994
20000 1743111994
40006 1743111995
20000 1743111995
20000 1743111995
20000 1743111996
40003 1743111996
20000 1743111996
20000 1743111996
20000 1743111996
20000 1743111996
40004 1743111997
20000 1743111997
20000 1743111997
20000 1743111997
20000 1743111997
20000 1743111997
20000 1743111998
20000 1743111998
40007 1743111998
20000 1743111998
20000 1743111998
20000 1743111998
20000 1743111998
40004 1743111999
20000 1743111999
20000 1743111999
40002 1743112000
20000 1743112000
20000 1743112000
20000 1743112000
20000 1743112000
20000 1743112001
40005 1743112001
20000 1743112001
20000 1743112001
20000 1743112001
20000 1743112001
20000 1743112001
40006 1743112002
20000 1743112002
20000 1743112002
20000 1743112002
20000 1743112002
20000 1743112002
20000 1743112003
40005 1743112003
20000 1743112003
20000 1743112003
20000 1743112004
40003 1743112004
20000 1743112004
20000 1743112004
20000 1743112004
20000 1743112004
20000 1743112004
20000 1743112004
20000 1743112004
20000 1743112005
40008 1743112005
20000 1743112005
20000 1743112005
20000 1743112005
20000 1743112005
20000 1743112005
20000 1743112005
20000 1743112005
40007 1743112006
20000 1743112006
20000 1743112006
20000 1743112006
20000 1743112007
40004 1743112007
20000 1743112007
20000 1743112007
20000 1743112007
20000 1743112007
20000 1743112007
20000 1743112008
20000 1743112008
40007 1743112008
20000 1743112008
20000 1743112008
20000 1743112008
20000 1743112008
20000 1743112009
40005 1743112009
20000 1743112009
20000 1743112009
20000 1743112009
20000 1743112009
20000 1743112009
20000 1743112009
20000 1743112009
20000 1743112009
40008 1743112010
20000 1743112010
40002 1743112011
20000 1743112011
20000 1743112011
20000 1743112011
20000 1743112011
20000 1743112011
20000 1743112011
20000 1743112011
20000 1743112011
20000 1743112011
20000 1743112011
20000 1743112011
20000 1743112012
40012 1743112012
20000 1743112012
20000 1743112012
40001 1743112013
20000 1743112013
20000 1743112013
20000 1743112013
20000 1743112013
20000 1743112014
40005 1743112014
20000 1743112014
20000 1743112014
20000 1743112014
20000 1743112014
20000 1743112014
20000 1743112014
20000 1743112014
20000 1743112014
20000 1743112014
20000 1743112014
20000 1743112015
40011 1743112015
20000 1743112015
20000 1743112015
20000 1743112015
20000 1743112015
40004 1743112016
20000 1743112016
20000 1743112016
20000 1743112016
20000 1743112017
40004 1743112017
20000 1743112017
20000 1743112017
40002 1743112018
20000 1743112018
20000 1743112018
20000 1743112018
20000 1743112018
20000 1743112018
20000 1743112018
40006 1743112019
20000 1743112019
20000 1743112019
20000 1743112019
20000 1743112019
40004 1743112020
20000 1743112020
20000 1743112020
20000 1743112020
20000 1743112020
20000 1743112020
20000 1743112021
20000 1743112021
20000 1743112021
40008 1743112021
20000 1743112021
20000 1743112021
20000 1743112021
40003 1743112022
20000 1743112022
20000 1743112022
20000 1743112023
40003 1743112023
20000 1743112023
20000 1743112023
20000 1743112023
20000 1743112023
20000 1743112023
20000 1743112023
20000 1743112024
40007 1743112024
20000 1743112024
20000 1743112024
20000 1743112024
20000 1743112024
40004 1743112025
20000 1743112025
20000 1743112025
20000 1743112025
20000 1743112025
20000 1743112026
20000 1743112026
40006 1743112026
20000 1743112026
20000 1743112026
20000 1743112026
60 1743112026
40005 1743112027
20000 1743112027
20000 1743112027
20000 1743112027
20000 1743112027
20000 1743112027
20000 1743112028
40006 1743112028
20000 1743112028
20000 1743112028
20000 1743112028
20000 1743112028
20000 1743112028
20000 1743112028
20000 1743112029
20000 1743112029
20000 1743112029
40009 1743112029
20000 1743112029
20000 1743112029
20000 1743112029
20000 1743112030
20000 1743112030
20000 1743112030
40005 1743112030
20000 1743112030
20000 1743112031
40002 1743112031
20000 1743112031
20000 1743112031
20000 1743112031
20000 1743112031
20000 1743112031
20000 1743112032
40006 1743112032
20000 1743112032
20000 1743112032
20000 1743112033
40003 1743112033
40000 1743112034
